0.0
0.979448
1.95792
2.93541
3.91192
3.31778144162
0.217138912022
0.257735376817
0.205140053199
0.141478111458
0.0905436361314
0.0553206920122
0.0327621429917
0.0189487728205
0.0107806246905
0.00180147682799
0.00301117796069
0.00259181235546
0.00184805260535
0.0
0.000614601707472
0.000565922987923
0.000419650667979
0.000281325794528
0.00012648497658
0.000122385900043
0.794016997856
1.67050712504
2.47948654441
3.22879167624
3.92418271834
4.57093738747
5.17487148875
5.74859536327
6.2756499358
6.68644711877
6.99568197008
7.20897327409
7.33753384787
7.39504808843
7.39624492283
7.35528573557
7.28529737994
7.19609003714
7.09330399311
6.98395332614
6.87184861655
6.76007648937
6.64284271865
6.50844034755
6.3722868775
6.23811751287
6.10610001598
5.97618553879
5.84829536433
5.72231643036
5.59618938693
5.47098931998
5.37616534163
5.45095690231
5.70114269492
5.95344471544
6.1228524249
6.22143306528
6.26479299693
6.26720753294
6.24069728574
6.19443791153
6.11484254223
5.98936312882
5.85720046906
5.7271020767
5.59913072123
5.4729202127
5.37638749285
5.44926240722
5.69717472167
5.9472648715
6.11520362455
6.21226831308
6.25421020918
6.25533675543
6.22766740448
6.17971373585
6.09839760585
5.96883680077
5.83508875853
5.70314721586
5.57298322606
5.44381721139
5.3446720432
5.41777992554
5.66686592099
5.91723359752
6.08537402187
6.1826031379
6.22465300108
6.22513694094
6.19528033682
6.14604855736
6.06689453476
5.93583630396
5.79911367654
5.66391966857
5.53079305969
5.42749458079
5.49208049406
5.73054763811
5.97271104179
6.13373583634
6.22482366238
6.26014920448
6.25456595782
6.22089575386
6.16819995088
6.08345841839
5.9496875228
5.81146064072
5.67498517355
5.54027917854
5.43525511867
5.49809981193
5.73399802046
5.97366061038
6.13249542109
6.21959707983
6.25256434825
6.24575598524
6.2110071881
6.15707307355
6.06996136669
5.93398684268
5.79371072035
5.65517163866
5.5184284897
5.41147096861
5.47401773459
5.71021955209
5.94900408388
6.10557531466
6.19256223614
6.22564431634
6.21890363929
6.18395927627
6.12973854337
6.04312405963
5.90484796141
5.76184463657
5.62078480642
5.48166281245
5.37260074478
5.43551814432
5.67277395208
5.91197399999
6.07037085238
6.15909776037
6.19366261339
6.18801217188
6.15413422148
6.10117919774
6.01929278829
5.88070062009
5.73527227843
5.59210474515
5.45118399399
5.34063465113
5.40400008527
5.6437510587
5.88521299272
6.04565813819
6.13618046475
6.17227972892
6.16810351292
6.13552064742
6.083380943
5.99529190039
5.85449151126
5.70994908424
5.56759837133
5.42734113587
5.31745339569
5.38291171718
5.62510585437
5.86831082027
6.03027638802
6.12209140766
6.15930142085
6.15606879803
6.12433485556
6.07338888983
6.00014970174
5.86549852243
5.71785184516
5.57287656696
5.43057496304
5.31904614616
5.38254913967
5.6240347011
5.86695980465
6.02870579668
6.12036109284
6.15746131362
6.15418766886
6.12243452216
6.07128555571
5.98897429975
5.84909662587
5.7033417016
5.56001942011
5.41902853211
5.30861169759
5.37395043312
5.61681585813
5.86061216657
6.02309977483
6.11537295873
6.15299555784
6.15014218223
6.11873976142
6.06766054192
5.98047376236
5.83933504078
5.69444064957
5.55183911229
5.43940904707
5.49533259078
5.72510133292
5.95924387131
6.11332019227
6.19833638796
6.22970886935
6.22144762353
6.18528174052
6.13009573447
6.04304782321
5.90384160198
5.7596278391
5.61738708447
5.47711894197
5.36698193077
5.42930518604
5.66668372453
5.90627511164
6.06509738124
6.15419677848
6.18905475731
6.18377805224
6.15022359222
6.09739173111
6.01291861243
5.87335025282
5.72836601787
5.58558530627
5.44496636207
5.3346981914
5.39872361859
5.63913609386
5.88105097789
6.04189719181
6.13274901949
6.16913904643
6.16520475021
6.13284050094
6.08101171452
5.99580575247
5.85550790665
5.71044323975
5.56766131943
5.42707258842
5.31692486717
5.3821030641
5.62425762332
5.86747381974
6.02946002687
6.12129435706
6.15852558852
6.15532233055
6.12360938981
6.07257102708
5.99395470828
5.85559959452
5.70917249012
5.56526936118
5.42382879682
5.31300088931
5.37765856311
5.61996283155
5.8633979965
6.02558655915
6.11760008554
6.15500199631
6.15196799091
6.12042586686
6.06950739008
5.98942988625
5.85029265638
5.70410645326
5.56042233804
5.41916358079
5.30850524262
5.37360331007
5.61640823852
5.86018484426
6.02607969727
6.1239970363
6.16678067659
6.16838328795
6.14080953441
6.09420744744
6.01614140126
5.88200504218
5.74229044739
5.60491710365
5.46982747911
5.3649705951
5.43165348281
5.6745514492
5.91972787544
6.08237675089
6.17357093885
6.21093321456
6.20701504681
6.17506863253
6.10370760443
5.9846481767
5.85793720648
5.73086720871
5.6070709387
5.48335671842
5.38851638623
5.46372847445
5.71398232368
5.97165970745
6.15618974879
6.2600977336
6.29952730755
6.30370674015
6.29798540939
6.24277933609
6.13114041226
6.01537580758
5.90100353642
5.79316068576
5.68276846765
5.57011818685
5.45860285831
5.37602304835
5.46220602034
5.72200708537
5.98301859198
6.16028467156
6.26557714707
6.31479787809
6.32248583714
6.30062246458
6.25114487084
6.15163260258
6.03748580703
5.92252208938
5.80777860485
5.6935961987
5.58016400059
5.4676114623
5.38407507512
5.46860309888
5.72734571595
5.98771877433
6.16453468098
6.26938610469
6.31824666561
6.32563845083
6.30371389307
6.26192572451
6.18745094022
6.07171835789
5.95238316999
5.83433952471
5.71811309955
5.60312723604
5.48964097333
5.40580052242
5.4886594548
5.74580061832
6.0054518357
6.18166807056
6.28610312106
6.33466744063
6.34183964167
6.35394324196
6.46636345007
6.65068574727
6.70741605981
6.6793118729
6.65094729264
6.62261247106
6.59433757106
6.88839752674
7.33055286909
7.76091630784
8.18194866566
8.59527793917
9.00234426853
9.40425243044
9.80071026511
10.1916047032
10.5769274604
10.9567797044
11.3314382533
11.7010992942
12.0659766402
12.4261204424
12.5989674186
12.5591515431
12.5194502103
12.4798345334
12.4403227722
12.6306477055
13.0398063185
13.4309620166
13.80721922
14.1708757068
14.4982459939
14.7291171853
14.8732880746
14.9493424445
14.9756685134
14.9676657493
14.9369490269
14.8916234436
14.8373017078
14.7777868201
14.7217778562
14.6770734551
14.6324716797
14.5880696179
14.5436675035
14.3629401509
13.9643756174
13.6313215209
13.3751790416
13.2665617414
13.283264722
13.3826812025
13.5375063413
13.7308369196
13.9517708694
14.1630818868
14.2926440237
14.3475521974
14.3414904872
14.2888838797
14.205660239
14.1016648722
13.9832083382
13.8548393971
13.7484394227
