0.0
0.979448
1.95792
2.93541
3.91192
4.33290434383
0.0686984526203
0.239081329004
0.235479457133
0.176968694048
0.118672734174
0.0746762630956
0.0451298823282
0.0265086416305
0.0152637234627
0.00864610855326
0.00482611456972
0.00189143798781
0.00182138128267
0.00136147477483
0.000917254011375
0.000364912830234
0.00038876310362
0.00030683038789
0.000213357632655
7.4571223432e-05
0.79719458022
1.66696599398
2.46272254563
3.19745305747
3.88067046785
4.51997525347
5.12240568533
5.69975250358
6.22179730561
6.59032372997
6.81991362048
6.92910092161
6.94650687841
6.90153052968
6.8200065403
6.71926573775
6.61015317761
6.49179850389
6.34713588421
6.19779085423
6.05254853182
5.91125127863
5.77344862495
5.63837750919
5.50615068365
5.42450978572
5.6213889388
5.56012435856
5.52078182464
5.48169142044
5.44270197772
5.40379365944
5.88353593556
6.32006665808
6.61936029635
6.81363634536
6.94207365203
7.03113848805
7.09778631071
7.15175945532
7.19850475044
7.24099981339
7.28085511086
7.31891256307
7.35491965351
7.38831955538
7.42097227973
7.40530387232
7.36252720139
7.31723688459
7.27125908535
7.22522473334
6.8136411553
6.35817150346
6.03217801933
5.80462045281
5.62457602857
5.40354716932
5.25075130551
5.39947868701
5.72836857754
6.0451674237
6.23858488992
6.32678534437
6.33903623085
6.30204292549
6.23662978006
6.14688848706
6.00485072632
5.8543111849
5.70530117188
5.56082859059
5.4199982531
5.33085527033
5.52802325154
5.45455383173
5.40396002609
5.35367686372
5.30351452997
5.25345561339
5.73764768569
6.17665344628
6.47775175892
6.67209037366
6.79674920865
6.88108116691
6.94257026653
6.99118465499
7.03243295702
7.06955434839
7.104107847
7.13695439471
7.16856351321
7.19920717249
7.22903170726
7.20731070886
7.15486834283
7.09926910973
7.04326287181
6.98679995106
6.57015844387
6.11812683006
5.79945802632
5.58274099014
5.34755818635
5.15935876476
5.28040246519
5.60654561824
5.92079118497
6.1111806915
6.19744172515
6.20887840873
6.17177527475
6.10635007202
6.00939679652
5.85466878499
5.69616429405
5.54220982882
5.44002389951
5.61701442414
5.53601009672
5.47684288676
5.41698105674
5.35721626304
5.2975297375
5.76701773252
6.19362744448
6.48346909582
6.66799125526
6.78597966679
6.86422825156
6.91982951711
6.96281410619
6.99876051366
7.03069189278
7.06021135227
7.0881980046
7.11509416141
7.14113927216
7.16648274286
7.14045765107
7.08351235338
7.02319020875
6.96248917138
6.90184780009
6.48362690396
6.03322984325
5.71749545822
5.5012247803
5.28772887406
5.34560647913
5.64931456448
5.94870509706
6.12768608245
6.20520111811
6.21034830638
6.16906514178
6.10089199366
5.99778368178
5.84008134159
5.68074756944
5.52597968541
5.42309239703
5.60075909705
5.51819850373
5.45762870124
5.39736694155
5.33722600665
5.27717489788
5.74816846324
6.17565976538
6.46648124124
6.65171267686
6.77022604139
6.84889300826
6.90486740367
6.94819675808
6.98447464974
7.01672817263
7.04657847427
7.07487639441
7.10208387801
7.12842903964
7.15405174549
7.1282682525
7.07135183706
7.0110308446
6.95034018469
6.88970760033
6.47171613312
6.02190005837
5.70692601506
5.49225719973
5.28054491828
5.33791116736
5.64213015183
5.94198136891
6.12140233371
6.19933877997
6.20488819713
6.16397449842
6.09616272828
5.99338294462
5.83562203143
5.67622816017
5.52145905324
5.41862108727
5.59671027998
5.51409957081
5.45354746564
5.39327611667
5.33314568477
5.27310684322
5.74439846831
6.17209201245
6.46307398488
6.64843663762
6.76705834484
6.84579522776
6.90184167512
6.94524076306
6.98158943432
7.01391151711
7.04382278245
7.07219125063
7.09944772608
7.1258633313
7.15154873927
7.12580409625
7.06889890166
7.00857615644
6.94789538626
6.88726421209
6.46931020491
6.01961462506
5.7048001531
5.48823860911
5.27222898533
5.33159958111
5.63688005864
5.93745232905
6.11751463087
6.19597117873
6.20194103961
6.1613563142
6.09382767303
5.99186951325
5.83423674544
5.67471137271
5.5198523846
5.41697408582
5.59517378186
5.5125437025
5.45199312953
5.39173121231
5.33160067059
5.2715604197
5.74296260499
6.17072771329
6.46176088083
6.6471828265
6.76583591324
6.84461364387
6.90443998674
6.95386487473
6.99578841215
7.0331983394
7.06892662064
7.10272170705
7.13535577265
7.16713749268
7.19817295472
7.17874010048
7.12924871105
7.07642753637
7.02316140594
6.9680350825
6.55193629182
6.10029407496
5.78433274204
5.55305682289
5.34179840398
5.41262688946
5.7210725473
6.02712361262
6.21328416038
6.29681513532
6.30689782626
6.27350845524
6.21901201788
6.14756869007
6.00864593623
5.85757908079
5.72169445225
5.62330282203
5.51402779833
5.42795397671
5.62833851253
5.57605658703
5.55231270066
5.52531308874
5.49517496538
5.46545036648
5.9483108326
6.39090305141
6.68316182128
6.88393851018
7.01936926578
7.1170508746
7.19202863178
7.25286847149
7.30739613184
7.35763102303
7.40483565757
7.4502569555
7.49419124427
7.53684275578
7.57842983641
7.57356443487
7.54418831937
7.51318258588
7.48154731768
7.44975168727
7.04656038685
6.59115883319
6.26166254539
6.02768624694
5.86130370481
5.6742471424
5.4913286232
5.37445731092
5.54666280716
5.88284403689
6.20718964311
6.40624310451
6.49861485073
6.51398967098
6.47950092292
6.41665974612
6.33867831303
6.22419017105
6.13140479741
6.26873010415
6.24579716967
6.21746321291
6.18915868229
6.16090371408
6.13267886835
6.57373424819
7.03274252217
7.49983215219
7.96932243398
8.43795299233
8.90394273147
9.36643803952
9.82460270685
10.2768250197
10.7223472701
11.160604222
11.5914722038
12.01494159
12.4311081284
12.8397915676
12.8975220914
12.8557995654
12.8140938472
12.7725786358
12.7310663451
12.9603956159
13.274039932
13.608188499
13.9544395475
14.2647884003
14.441235902
14.5064786849
14.4969326068
14.4430592999
14.3655631618
14.2763517275
14.1818238815
14.0854958888
13.9893712503
13.8943488615
13.8348403714
13.7908373912
13.7469373556
13.7031342781
13.6594293399
13.4195922265
13.327274941
13.4226880794
13.615617815
13.8640566895
14.1462009312
14.404042173
14.5318613685
14.549862968
14.4920527213
14.3895346439
14.2638270925
14.1256885846
13.9819537709
13.8362221685
13.7378222369
13.7567615659
13.718105003
13.680347116
13.6428251135
13.605336495
13.5742502475
13.6765501354
13.8874694223
14.1562655416
14.4120834192
14.5474242358
14.5879760666
14.5680397285
14.5131350927
14.4404360173
14.3606162568
14.2772156079
14.1926171535
14.1083183494
14.0250178586
13.9539167605
13.925616235
13.8980158796
13.8705153386
13.8431151422
13.7500141218
13.5274112547
13.5517111791
13.7119138717
13.9456177105
14.1736211411
14.2797217752
14.2878201874
14.2317176496
14.1392138374
14.0269122091
13.9044118275
13.7775119977
13.6962136307
13.7821161115
13.9729192478
13.9488198292
13.9213182093
13.8937130454
13.8661076952
13.8385047548
13.9689082581
14.1400134253
14.2134195973
14.2168216392
14.17942067
14.1206196771
14.0994350356
14.2312446625
14.4577692045
14.7362378031
15.045387942
15.3727509633
15.7101881897
16.0534460326
16.4007174069
16.4738036385
16.4527101641
16.4319230437
16.4113610959
16.3908828961
16.7026687847
17.0689971784
17.416874909
17.7516997564
18.0865150432
18.4223103244
18.7534517192
19.0800256259
19.4029306027
19.7225065563
20.0389177119
20.1286841241
19.4582293287
18.3870505943
17.2004311286
16.013136884
15.0878815548
14.9756415003
14.9624268061
14.9494974932
14.5202629342
14.0704412285
13.7841601838
13.6501865641
13.7425574432
13.9620406471
14.1966760907
14.3213913598
14.364984426
14.3596356918
14.3296793671
14.2861457862
14.2354891094
14.1823001116
14.1289913792
14.105825974
14.1098425644
14.1153226491
14.1210411008
14.1271033918
13.9462223244
13.6645911844
13.5032577728
13.5597468185
13.752537968
14.0195605409
14.280146549
14.4173697526
14.4563168007
14.4315001167
14.3701179955
14.2883758303
14.1970044009
14.1005670566
14.0020528592
13.9040578543
13.8082705558
13.7607874617
13.8307749594
13.8484314199
13.8667288644
13.8851529882
13.9036302054
13.9104759476
13.8873027639
13.9073507427
14.0215642077
14.0753254824
14.0870525348
14.0763356659
14.0544555043
14.027590549
13.9979818897
13.9670332281
13.9370274928
13.9076472666
13.8789580465
13.8983323304
14.0164982709
14.0738294814
14.0900608158
14.1144093214
14.1430366229
14.1716462898
14.2002618684
14.2288839984
13.9709383253
13.7431598793
13.6209978726
13.7063497367
13.9210720127
14.1526269163
14.2710581066
14.3025083314
14.2805541464
14.2286420768
14.1599046249
14.082351857
14.0004965739
13.9171383821
13.8338860351
13.7978201807
13.8793777487
13.9087390579
13.9380959139
13.9674462194
13.9965994666
14.0110230122
13.9920849931
13.9691410113
13.9441935345
13.9183332228
13.891443785
13.8647531478
13.8862327741
14.0661527917
14.2844314453
14.4030778149
14.4506472876
14.4563748721
14.4379178382
14.4076241727
14.3829602095
14.4041762287
14.4242036747
14.4441227405
14.4637811095
14.4145571227
14.1009918315
13.8737920945
13.7463913838
13.8222173014
14.0242920219
14.2424251479
14.3478242653
14.3657333391
14.3286258396
14.2612822967
14.1776715541
14.0843427028
13.9859947154
13.8862870293
13.8334458767
13.8966531682
13.9059329481
13.9148514641
13.9236546922
13.9316645245
13.9261190351
13.8907188863
13.8503823281
13.855173862
14.0154558382
14.2154546458
14.3164201461
14.3460127592
14.3324991272
14.2967207717
14.2497967845
14.1963105939
14.1392744702
14.0813256259
14.0239291855
13.9771810154
13.9736274001
13.9703301871
13.9667631319
13.9621768143
13.8899127362
13.5652988426
13.3738535997
13.4084979163
13.5836312062
13.8339941374
14.1285325739
14.4020327913
14.5388830413
14.5678748139
14.5205360294
14.4320828396
14.3181103806
14.1912500591
14.0610679319
13.9295329069
13.8009973679
13.7228847613
13.7586379942
13.7413895405
13.7211493896
13.6982830624
13.6782551193
13.654630987
13.7608604875
13.9729928239
14.1914246349
14.3027158144
14.32698385
14.3033936168
14.2479926129
14.1762704089
14.1013432767
14.0212303881
13.9387316548
13.8603048389
13.8261950555
13.9525628756
14.1305993615
14.0937099789
14.0612701948
14.0258667968
13.9938634872
14.0185804371
14.3062887077
14.6096008008
14.9225129193
15.245535366
15.5703217365
15.8978031199
16.2221211043
16.5409011394
16.853290639
17.1670134104
17.4718707199
17.7692991884
18.0637930593
18.3542667059
18.6414353143
18.6216445014
18.5561665226
18.4958668382
18.4382723697
18.3821498471
18.5292150175
18.7341338161
18.9642652389
19.2095753685
19.4604199965
19.7123057303
19.9632242002
20.2210144767
20.4914787175
20.7700952295
21.0459520617
21.3134120798
21.5754093897
