0.0
0.979448
1.95792
2.93541
3.91192
4.6750627678
0.0263152711455
0.239222611383
0.228100712476
0.169503621436
0.113003993325
0.0708688270642
0.0427101273529
0.0250539617288
0.0144032107527
0.0024475467286
0.00408510502436
0.00350966922321
0.00250701272759
0.0
0.000832816013773
0.000769446088344
0.000564277422213
0.000377502888791
0.000176085078677
0.000169789280684
1.39750318824
2.81628758361
3.9774787886
4.93000205844
5.73576076038
6.37047117478
6.75043132736
6.921207775
6.94520618182
6.87717035934
6.75962833355
6.61703791102
6.46394521543
6.30879203678
6.15331097042
5.98296591355
5.81276427095
5.64605139508
5.48457540992
5.36054157996
5.38041629027
5.55239597082
5.53909873511
5.49906958048
5.45929480454
5.41962993514
5.38003489465
6.07527873637
6.77776665759
7.2113668077
7.4520931604
7.57731457638
7.63992590536
7.66954657817
7.68184696189
7.68527545643
7.6844834092
7.68153097828
7.67755552802
7.67314233846
7.668592582
7.66244560053
7.63120849482
7.58963058851
7.54838004739
7.50416927582
7.45797267534
6.79576884566
6.03973175544
5.49809367314
5.18167278949
5.04952277733
5.07709683333
5.25655409813
5.59011007467
6.01027552231
6.24998694921
6.32683045264
6.28811302539
6.17042033743
6.03180981013
5.8843305317
5.73236621903
5.57865225931
5.42488241176
5.30446875952
5.32588272288
5.49795358315
5.47759280176
5.42799951407
5.37831610979
5.32867085675
5.27848123765
5.9724534958
6.67393432985
7.10501204529
7.34253724277
7.46528606313
7.52510210382
7.55178130509
7.55950038927
7.55869701776
7.55387791857
7.54725957629
7.53920600213
7.53120624156
7.52321375143
7.51530702129
7.47902530989
7.43137680185
7.38167918233
7.32653802128
7.26997883474
6.60401572919
5.84892472916
5.31177226367
5.0137535959
5.05040896812
5.28900066138
5.60322842985
5.88403923457
5.99710798111
5.99827739003
5.9343839851
5.80667813506
5.63756707819
5.46994345637
5.33755310747
5.34920521454
5.51470175585
5.48248072234
5.42266549903
5.36317207854
5.30380400404
5.24451992371
5.93377423546
6.63747027311
7.06975718176
7.30560223412
7.42460966481
7.4798151143
7.50150439435
7.50580734083
7.50160482609
7.4932891063
7.48307750643
7.47212192677
7.46098949443
7.44997851253
7.43922123355
7.39834543873
7.34550346627
7.2893572219
7.22895517806
7.16741363044
6.50023907435
5.74681695837
5.22576860805
4.95311219207
5.01772332419
5.24698910011
5.5563551105
5.83411971092
5.94532306618
5.94572942461
5.8808064041
5.7435863214
5.57446244097
5.4069995366
5.2741625211
5.28486608519
5.45013886153
5.41687473201
5.35568215159
5.29488215114
5.23419857218
5.17359954406
5.86423392348
6.57217295728
7.00715673169
7.24517645328
7.36617948387
7.42310528047
7.44639670024
7.45248538
7.44998273394
7.44332234669
7.43476005278
7.42543852143
7.41590555843
7.40644307666
7.39719931477
7.35732689133
7.30536705178
7.24917112977
7.18861132016
7.12706867948
6.46094590649
5.70948683141
5.19519572325
4.92478258812
4.99333943877
5.22559439099
5.53651477724
5.88528973829
6.18401019543
6.30586734917
6.3059853922
6.23376196278
6.11091088212
5.94459012281
5.77463351557
5.60532712002
5.43761252566
5.30463512689
5.31546851705
5.4808404406
5.44742687296
5.38623310272
5.32539279243
5.264660468
5.20401942035
5.89387362712
6.5998607427
7.03355104741
7.27068994162
7.39095221293
7.44715867103
7.46970947825
7.47506505379
7.47182086042
7.46443181429
7.45515824768
7.44512398873
7.43492141186
7.42480850559
7.41492358098
7.37464025807
7.3223005619
7.26613485886
7.20563408323
7.14409066899
6.47751645431
5.72522830836
5.20816363669
4.93676932235
5.00364422309
5.23439237507
5.54476012015
5.89308999141
6.19146445041
6.31302159955
6.31283596306
6.24043323854
6.12028376192
5.95425354192
5.78357540725
5.61370768367
5.44555388287
5.31228453267
5.3229088763
5.48805939306
5.45460536523
5.3934135557
5.33255182233
5.27180951216
5.21115924982
5.90075351787
6.606218674
7.03954052982
7.27643955775
7.39650262492
7.45253543221
7.47492521444
7.48010305133
7.47749400585
7.47521587071
7.47074799822
7.46492637992
7.45889275627
7.45373197886
7.44817073578
7.41384656711
7.3682626203
7.31973507821
7.26692177032
7.21284800846
6.55050422087
5.79819527213
5.26526208542
4.95096148397
5.02825950712
5.26787344159
5.58546529959
