0.0
0.979448
1.95792
2.93541
3.91192
4.88746
0.198230137133
0.0874182640025
0.103540971577
0.120724508448
0.141220780131
0.162391329974
0.183646704148
0.204826611911
0.225886402297
0.246820139058
0.267630183914
0.288325318389
0.308913474955
0.329402044073
0.349796407876
0.370104508715
0.390329887187
0.410475085087
0.430542850607
0.450535507269
0.353522827044
1.1394048702
1.4432416563
1.4708704361
1.44932572642
1.43956357435
1.43526281754
1.43326235233
1.43206161151
1.4310808524
1.43011037106
1.42916984962
1.42831949884
1.42758937508
1.4270090581
1.40783360257
1.38052555086
1.35332794768
1.32624040238
1.29926241116
1.81894539432
2.37853538395
2.68208589254
2.83059401497
2.90120940801
2.93469956325
2.95019804953
2.95772797449
2.96141409981
2.96306291251
2.9636293553
2.96362600429
2.9633540958
2.96298290004
2.96262094059
2.93916228131
2.90267900095
2.86634553789
2.83017245495
2.79415968512
3.00985742318
3.4583887796
3.76399906262
3.96174989645
4.08829623243
4.16889566935
4.21978092844
4.25052085621
4.26959668064
4.28129788284
4.28807858218
4.29219026172
4.29487610574
4.2966216578
4.29773486488
4.27738114296
4.23222712917
4.18726419798
4.14250302895
4.0979425169
4.15410672833
4.50385162186
4.7855359905
4.99280779693
5.18820591796
5.41344818459
5.52299640978
5.60363049741
5.61613940558
5.60609788505
5.57237103779
5.54067543516
5.54171782038
5.56764581792
5.5518535101
5.5506705957
5.57463215812
5.5573826134
5.52804726248
5.53091861575
5.5570029326
5.54082040418
5.53927855842
5.56173065777
5.54368632238
5.54096460715
5.5640072219
5.54610694234
5.54331877518
5.56617028432
5.54798561379
5.54492440166
5.56746890537
5.54902726332
5.54583741294
5.56601634728
5.54577821872
5.54041212361
5.560335681
5.54019623173
5.53570091665
5.55734553629
5.5381925219
5.53434427345
5.55644880671
5.53753328813
5.5338407777
5.55601871436
5.53714602258
5.53296871171
5.55329878675
5.56969116815
5.54533920027
5.53700348156
5.55561877715
5.57088880461
5.54678608668
5.5389510879
5.55775441211
5.53615374493
5.53026838414
5.55071750797
5.56720341005
5.54382508709
5.53534817683
5.55283964424
5.56684540914
5.54026843756
5.5304777839
5.54795816076
5.56227914311
5.53726326487
5.52866824417
5.54696373894
5.56174719015
5.53694387354
5.52843765312
5.54675757243
5.5615353646
5.53521341207
5.5250169986
5.54180839557
5.55393984159
5.56424143441
5.5361676872
5.52515239117
5.54158107174
5.55489114743
5.56571100304
5.53773925565
5.52664755741
5.54289925087
5.5559982136
5.52978551371
5.51792869453
5.53382861444
5.54599333794
5.55502883358
5.56275707621
5.53253382791
5.51974393407
5.53478490668
5.54696575698
5.55683704779
5.52799024337
5.51617762322
5.53197188416
5.54469338379
5.55469750345
5.56205488144
5.53119223216
5.51720595859
5.53110802831
5.54247646387
5.55177471464
5.55940080963
5.52880709954
5.5155907695
5.53026411258
5.54207420218
5.55162292475
5.55933703331
5.52876868829
5.51553542889
5.53018276622
5.54197451536
5.5515039744
5.55920888554
5.52863176948
5.51541883118
5.53008556638
5.54188708611
5.55142812658
5.55915397727
5.52859622894
5.51538282867
5.53006034275
5.54187285001
5.5514133133
5.55914049105
5.52859241829
5.51536969126
5.53004750001
5.541859774
5.55141088577
5.55914765519
5.52857957975
5.51536775197
5.53004576071
5.54185924056
5.55141071409
5.55913793797
5.52859015266
5.51537751604
5.53006623194
5.5418696921
5.55142153779
5.55915990655
5.52859161164
5.51539032698
5.53006910229
5.54186220953
5.55142349316
5.55915215952
5.52859548101
5.51538367969
5.53006235675
5.54187695682
5.55140837594
5.55914703467
5.52860058348
5.51538781455
5.53006802538
5.54187312035
5.55142606493
5.55916494271
5.52859678587
5.51538522913
5.53006504529
5.54187951423
5.55142356194
5.55916269933
5.52861579111
5.51539352109
5.53007378998
5.54186863513
5.55143273372
5.5591522236
5.52859536862
5.51539390633
5.5300654607
5.54188091428
5.55142515705
5.5591550007
5.52859786781
5.5153866727
5.53007848283
5.54188330716
5.5514277091
5.55915777515
5.52861130885
5.51540012085
5.53007191902
5.54188827749
5.55142232299
5.55916343123
5.5285968953
5.51539616814
5.53007768358
5.54189576985
5.55144085592
5.55917071629
5.52860420494
5.51540314538
5.53007461118
5.54188381516
5.55143880694
5.55916934009
5.52861152955
5.51540171698
5.53008515761
5.54189500226
5.55143953827
5.55917006111
5.52862367083
5.51540282459
5.53007662654
5.54190656792
5.55144138832
5.55917350996
5.52862599917
5.51541582438
5.53009972563
5.54189937937
5.55145491594
5.55917770388
5.52862031189
5.515420307
5.53008427423
5.54190379534
5.5514503888
5.55917272243
5.52862654604
5.51540605152
5.53009081552
5.54190119609
5.55145850842
5.5591825637
5.52862337259
5.51541454235
5.53008923255
5.54190976447
5.55145796398
5.5591817764
5.52862345123
5.51542398143
5.53009940885
5.54191096338
5.55145801856
5.55918246497
5.52863556228
5.51542599275
5.5301013926
5.54191302523
5.55146102827
5.5591950899
5.52863691119
5.5154284897
5.53011607593
5.54231770095
5.55728812423
5.53254640103
5.52634760996
5.54814521157
5.56462969397
5.54044421906
5.53209763121
5.55030303806
5.56484312624
5.53980505316
5.53113392805
5.54928375912
5.56399883904
5.53923076483
5.53080447101
5.54919136502
5.56406416962
5.53939523506
5.53101785981
5.54893679015
5.56198487227
5.53601755163
5.52654937936
5.54640543973
5.56294907104
5.54440210289
5.54308926873
5.56682647008
5.5503366695
5.55081824272
5.57876890269
5.57724363329
5.55445998428
5.55958581235
5.55482377031
5.55450942717
5.59568395122
5.5871416671
5.57216812943
5.55905579449
5.5370049672
5.5464536915
5.57975398722
5.57096800542
5.54917665309
5.55846684809
5.55459109226
5.56333576394
5.4712323461
5.39535023667
5.47425235934
5.53557274572
5.57875608572
5.57009045449
5.51556394167
5.51092732022
5.54321256179
5.57331990062
5.56923675203
5.55321426216
5.5665006215
5.56329764265
5.54387616558
5.55415942474
5.58722125165
5.57830475381
5.55604820781
5.53775144094
5.54960373249
5.58423090376
5.57579157593
5.55386655871
5.5627610435
5.55835810109
5.53985690954
5.55195602921
5.58703279626
5.57949037255
5.55864754399
5.54147393991
5.55415723419
5.58937625421
5.5814474744
5.55994588228
5.5422037267
5.55455695525
5.58955371797
5.58155279365
5.56002950504
5.54230689815
5.55466890068
5.58968508833
5.61807051571
5.64114467206
5.65996732888
5.67536029706
5.68794279585
5.6982341459
5.70666552176
5.71356701081
5.71921805726
5.72382911615
5.72759916563
5.73068006761
5.73319094196
5.73525100265
5.73692110574
5.73828134215
5.73938111819
5.74039369226
5.74191864804
5.74339527625
5.74490429867
5.74640211392
5.74748347004
5.74820785725
5.74871675741
5.74905890394
5.74931047983
5.74948905789
5.74960537561
5.74968769856
5.74982500672
5.74994509419
5.75004456908
5.75014509918
5.7502248638
5.75029501051
5.75034518321
5.75039395595
5.75044291037
5.75049196978
5.75054115979
5.75059006802
5.7506299888
5.75066000812
5.75068985928
5.75070017876
5.75071089941
5.75072084816
5.7507306673
5.750730769
5.75073106974
5.75073189952
5.75074252074
5.75074304338
5.75075322128
5.75074220125
5.75073644645
5.750740064
5.75073719877
5.75074096258
5.75074390128
5.75074613999
5.75070388102
5.75063577437
5.75057714575
5.75050958966
5.75044975665
5.75041950688
5.75038081949
5.75035097354
5.75032174048
5.75030311204
5.75029281968
5.75026306779
5.75025344771
5.75025416385
5.750243333
5.75023372282
5.75023414246
5.7502234151
5.75022337887
5.75021384928
5.75020422434
5.75021315383
5.7502139652
5.75020431734
5.75020488528
5.75020385342
5.7502037758
5.75020417814
5.75020358202
5.75020361403
5.75020387296
5.75020484411
5.75020381577
5.75020383196
5.75020436417
5.75020317672
5.75020361643
5.75020409629
5.7502048424
5.75021406859
5.75021338016
5.75020411384
5.75020345826
5.75020378422
5.75019384353
5.75020510226
5.75020357248
5.750203818
5.75020461609
5.75020329168
5.75020331726
5.75020398285
5.75020484344
5.75020401719
5.75020419353
5.7502046313
5.75021335573
5.75020350245
5.74998693452
5.75153808862
5.75278730529
5.75427461924
5.75590194233
5.75696998073
5.75768436868
5.75816882074
5.75850240831
5.75873317029
5.75891465326
5.7590658685
5.75919506948
5.76141098943
5.76410191125
5.76680149485
5.77047046953
5.77287587115
5.77449155584
5.77559670365
5.776361301
5.77690468654
5.77731742203
5.77764760335
5.77792854453
5.77978293214
5.78269867352
5.78541081883
5.78921898047
5.79186398216
5.79366572803
5.79489940339
5.79575259385
5.79637392223
5.79682514888
5.79719637769
5.79750753557
5.7988561123
5.80189796193
5.8045048673
5.8083084825
5.8111461057
5.81307709338
5.81438883213
5.81530883571
5.81595963967
5.81645056209
5.816840042
5.81717030164
5.81776247006
5.81946921062
5.82091789535
5.82284746253
5.82443808509
5.82551730794
5.8262774113
5.82681777581
5.82720843435
5.82750746617
5.82773759136
5.82792799217
5.82808720464
5.82823731738
5.82837770379
5.82848836908
5.82858739105
5.82867753838
5.82892811221
5.8292074149
5.82948763434
5.827695023
5.81940005306
5.8222425728
5.82400390543
5.82512432091
5.82589386177
5.82648347246
5.82698263214
5.82745129976
5.82788116703
5.82828024302
5.82866914606
5.82900952089
5.82932910831
5.82958859626
5.82981797117
5.82998895404
5.83014891223
5.83026863039
5.83035945421
5.83041941868
5.83047907267
5.83052842249
5.83055928484
5.83058906915
5.83060852408
5.83062932791
5.83063916814
5.83064876082
5.83066804099
5.83067905808
5.83067891975
5.83068845133
5.83069926271
5.83069920019
5.83070876869
5.83069808143
5.83069910153
5.83069895028
5.83069845425
5.83070927866
5.8306991851
5.83069876893
5.83070804541
5.8307090696
5.83069891831
5.83070843912
5.83070927374
5.83070919331
5.83070877487
5.83071806998
5.83070911001
5.83071894754
5.83070845121
5.83071928482
5.83071917135
5.83071874314
5.83071801632
5.83071907266
5.83070893072
5.83070842754
5.83071928261
5.83070921233
5.83072851459
5.83059816724
5.83048733685
5.83038659412
5.83029572736
5.83016625791
5.83001599456
5.82984646575
5.82965891247
5.82990314101
5.83071785115
5.83305486814
5.83661166986
5.83995129632
5.84382639233
5.84641930698
5.84815493942
5.84933040759
5.85014665789
5.85002510094
5.84963050788
5.84861262474
5.84845991055
5.84812258943
5.84791359504
5.84782348335
5.84733006905
5.84644457556
5.84630520102
5.85316132969
5.8590825156
5.86803707073
5.87542835802
5.88033368831
5.88361108939
5.8858406438
5.88738822409
5.88851923644
5.88939365478
5.89012166152
5.89077986299
5.89136843996
5.89192655469
5.89242715071
5.89286683806
5.89325633486
5.89359727216
5.89388699543
5.89411667243
5.89430548855
5.89444694328
5.82562167656
5.84485429797
5.86063942712
5.85843191829
5.85517513706
5.85852064321
5.85983805967
5.86212988978
5.86453615645
5.8624243802
5.8691766382
5.87797167454
5.88901773285
5.89896278004
5.90556230035
5.90989393072
5.91277612295
5.9147580966
5.91616672344
5.91728046905
5.91822709836
5.91906891358
5.91983778858
5.92054754516
5.92120693881
5.92178967278
5.92230227577
5.9227469156
5.92309569295
5.92340784889
5.92364244746
5.92382618313
5.923979681
5.9240928303
5.92418415781
5.92425655491
5.92431466942
5.92435934627
5.92439966104
5.92441893045
5.92444454383
5.92447594188
5.92448858035
5.9244967993
5.92451143928
5.92452184421
5.92454045408
5.92454569593
5.92454401347
5.92454288749
5.92416459889
5.92304069498
5.92237646245
5.92177800827
5.92091144609
5.9202053469
5.91912879311
5.91741378156
5.91729737472
5.92047466157
5.92592040821
5.9328702762
5.93997466188
5.9457122874
5.94948852224
5.95200649091
5.95370681521
5.95491013811
5.95580371156
5.95653425126
5.95716371343
5.9577256856
5.9582514087
5.9587243971
5.9591655866
5.95954458445
5.95988686022
5.96016008007
5.9625766722
5.96461588078
5.96718840011
5.96941376255
5.97089850309
5.97189891932
5.97259652792
5.97308589529
5.97372904328
5.975414323
5.97686867626
5.97875259237
5.98023981899
5.98128369696
5.98202100137
5.9825564591
5.98294987498
5.98379409851
5.98541121308
5.98681791517
5.98877550506
5.99013675964
5.991078362
5.99174717553
5.99221607471
5.9925640266
5.9936406267
5.99519913418
5.99675559466
5.99859628028
5.99982556068
6.00069337014
6.00128711028
6.0017279406
6.00225013363
6.00354352171
6.00501850149
6.00670372019
6.00835369601
6.00948560892
6.01026309916
6.01083019496
6.01122584399
6.01155260487
6.01324361679
6.01468260991
6.01658966048
6.01808266403
6.01911573208
6.01982800589
6.02033722216
6.02071717903
6.02130588935
6.02295222761
6.02435639362
6.02631262188
6.02768967644
6.02864060224
6.02930542697
6.02976912782
6.03012080787
6.03117760598
6.03273869998
6.03429077594
6.03612455279
6.03735069428
6.03820066934
6.03880542109
6.03922416841
6.03969530618
6.04104000059
6.04251582863
6.04420113764
6.04582603229
6.04694693065
6.04770709192
6.04825275018
6.04864333012
6.04898969276
6.05067570168
6.05212305778
6.05401075142
6.05547069402
6.05647361736
6.05717644442
6.05767697949
6.05802860363
6.05884451176
6.06045429314
6.06195478189
6.06385294182
6.0651518791
6.06604460625
6.06665967781
6.06711394004
6.067434491
6.06871911289
6.07023573641
6.07195798087
6.07364027559
6.07477640322
6.07556794807
6.0761173719
6.0765253894
6.07686502171
6.07853191103
6.07998646997
6.08187035948
6.08334559069
6.08433257601
6.08502628101
6.08552087963
6.08588328775
6.0866832047
6.08829136816
6.08977188593
6.09168271388
6.09295723809
6.09384273406
6.09445033682
6.09489517273
6.09521544441
6.09598547568
6.09683355011
6.09779564379
6.09870429999
6.0993310965
6.09978967157
6.10011035647
6.10034924106
6.10054353443
6.10067101973
6.10079975416
6.10090153953
6.10099005214
6.1010702217
6.10113927428
6.10120672104
6.10125549779
6.10128869447
6.10131826196
6.1013464047
6.10136839104
6.10137953756
6.10140816728
6.10141271262
6.10143048336
6.10142917048
6.10143753607
6.10143962704
6.10143804579
6.1014378488
6.10144934021
6.10144090239
6.10144805545
6.10144137842
6.10145886666
6.10144957704
6.10145720635
6.10146026457
6.10145912818
6.10146673682
6.10145160919
6.10146024703
6.10146748595
6.10146156183
6.10146976334
6.10145973743
6.10146595407
6.10146980849
6.10146062672
6.10146682262
6.1014614528
6.1014695595
6.1014587553
6.10147054921
6.1014700801
6.10146907569
6.10146756359
6.10146944009
6.10146932266
6.10146745608
6.10147109077
6.10147054436
6.10146818816
6.10147154239
6.10148086569
6.10147913324
6.1014665194
6.10146046145
6.1014704445
6.10146731917
6.10083134298
6.10002868342
6.09907371743
6.09813697
6.09752275767
6.0971286196
6.09684608861
6.09666545076
6.09653977536
6.09579261731
6.09399721232
6.09231055269
6.09009791172
6.08863414477
6.0876375058
6.08697483984
6.0865078916
6.08617222607
6.08587042771
6.08391285494
6.08219804183
6.08003767748
6.07822101023
6.07699571287
6.07614405604
6.07555900467
6.07513899745
6.07481967796
6.07355424284
6.07168678748
