0.0
0.979448
1.95792
2.93541
3.91192
4.80320042482
0.418554767346
0.187233625403
0.138219690007
0.151374659256
0.173579019812
0.196455066107
0.219318614598
0.242148435209
0.264938884848
0.287684987501
0.310382157801
0.333035125051
0.355646414495
0.378219676375
0.400758689539
0.423265380862
0.44574126054
0.468186610965
0.490602791656
0.512988199949
0.472607187949
1.2690518513
1.8745043194
2.38008969869
2.83384146538
3.21223234406
3.50632875899
3.73465586349
3.9117575157
4.04784837234
4.15199999285
4.23234149921
4.29427230997
4.34202196907
4.3788283085
4.36027274231
4.3282417353
4.29624259902
4.26428829563
4.23237336574
4.4813411775
4.80513742726
5.12916198849
5.45372599239
5.77469908656
6.04027246267
6.19834960073
6.29242026694
6.35301848237
6.39602152224
6.42946644996
6.45647300704
6.47372716125
6.47822288517
6.48423800826
6.46271276666
6.42442175439
6.38589164425
6.34740248058
6.30736190403
6.31941397125
6.36454328166
6.39986002636
6.42986102744
6.45739434831
6.4837758772
6.50949102056
6.53477755443
6.5597664317
6.58452788483
6.60908969684
6.63270250974
6.65464256836
6.67654478879
6.69835582574
6.7196807197
6.74067658864
6.76160951175
6.78243257833
6.80313685653
6.82370373423
6.84416317047
6.86453414331
6.88404511279
6.9020193404
6.92007563572
6.93815206354
6.9555433159
6.97253211756
6.98918867925
7.00558882901
7.02176144331
7.03774692859
7.05356561497
7.069235759
7.0828587181
7.09604008445
7.04395952747
6.99523932953
6.94551360135
6.89508232802
6.8445327464
6.87449445447
6.90022840256
6.91813822323
6.93215817774
6.94362016817
6.95277134374
6.96163707538
6.97037041705
6.97858883172
6.98667294049
6.99471441262
7.00269810216
7.01061456279
7.01848427274
7.02629808394
6.98912792276
6.9297668388
6.87336951831
6.81770689016
6.76209592692
6.64343371598
6.56583474927
6.53209935644
6.52113121047
6.52169110566
6.5279306862
6.53689755019
6.54713798577
6.55638787222
6.56522142629
6.57421320727
6.5832336004
6.59166154482
6.60007488294
6.60848593644
6.61684221169
6.62513105481
6.63335531795
6.64151115772
6.64961162397
6.65707193215
6.66394871777
6.67082168733
6.67767368643
6.68426502976
6.69076493373
6.69725137107
6.70369313904
6.71008813544
6.71644334046
6.72275024174
6.72902111039
6.73524951506
6.74144928662
6.74760032536
6.7537298504
6.75982108342
6.76587197831
6.77189131068
6.77788242387
6.78383232694
6.78976379151
6.79565369741
6.8015144708
6.80735427258
6.81316591265
6.81894543331
6.82469690277
6.83042714589
6.83612697666
6.84181739619
6.84747736581
6.85311814537
6.85874825251
6.8643598602
6.86996959646
6.87557022267
6.88117085784
6.88677103151
6.89240133465
6.8980110534
6.90351185906
6.90889388965
6.91418322223
6.91941141177
6.92456117184
6.92964139219
6.93465065721
6.93961178069
6.94451078481
6.94938082314
6.95419959694
6.95898039684
6.96372049641
6.96842000436
6.97307893314
6.97770813787
6.98229682376
6.98683663423
6.99135589106
6.99582524069
7.00026423878
7.00465400902
7.00902305712
7.01334269058
7.01763165597
7.02188997109
7.02610915985
7.03028889672
7.03443663581
7.03855592537
7.04263460077
7.04667360383
7.05068243664
7.05466202484
7.05861039573
7.06251879891
7.06639761595
7.07024750223
7.0740662846
7.07784350398
7.08159233945
7.08531199328
7.0661892505
7.00512455429
6.94623373327
6.88631094754
6.82594691445
6.78814378924
6.81402016122
6.82730223611
6.83412513157
6.83795392008
6.84049164664
6.84252704053
6.8444035676
6.84622987306
6.84804529796
6.84987086192
6.85168684341
6.85351257723
6.85532746847
6.8571348511
6.85892026732
6.79162972222
6.73008315291
6.66971923873
6.60951404399
6.5494099011
6.41824497256
6.35673689319
6.32966785648
6.32050558184
6.32042678284
6.32484573308
6.33147772802
6.33915336749
6.34732684617
6.35571156494
6.36415852106
6.37262278301
6.38104832772
6.38944361592
6.39778994784
6.40608470908
6.41432973138
6.42251486705
6.43064997375
6.43873512617
6.4498433853
6.46384775654
6.47758850644
6.49121009202
6.50575392347
6.52081702704
6.53555493843
6.55017175597
6.56473360181
6.57925502967
6.59373033617
6.60812813236
6.62244333286
6.6342152327
6.6456637295
6.65674274236
6.6684401696
6.68224269116
6.6981087424
6.71417025026
6.73045386717
6.74879977602
6.76900600089
6.78887251935
6.80856482893
6.83239887723
6.86180806411
6.9008276749
6.92457074094
6.94725566967
6.9941989762
7.03801523622
7.06670893251
7.0989191553
7.13330546134
7.09894484255
7.06607514861
7.03540820075
6.9646108083
6.79462087804
6.75193966923
6.8089813383
6.85052312614
6.88533274722
6.87472066011
6.89270989648
6.92177417255
6.9461954662
6.97798744818
7.00952697101
7.03927000762
7.06950868395
7.09951398267
7.12914869344
7.15873793043
7.18820881291
7.21755699953
7.24672283345
7.27565792455
7.30441176918
7.33299635655
7.36141187323
7.38964822628
