0.0
0.979448
1.95792
2.93541
3.91192
4.2475131714
0.200204089753
0.257980919466
0.213823985315
0.15870925223
0.125771216616
0.120615475978
0.133152309955
0.152819803757
0.174751189174
0.197331278147
0.220077668497
0.242849627068
0.265609586071
0.288344517699
0.311053698326
0.333734810484
0.356388137078
0.379013400192
0.401610651071
0.424179237855
0.769888009646
1.87904858765
2.83110146007
3.6435150325
4.34025629258
4.9486426825
5.49108379472
5.9771999442
6.38530109021
6.6491845442
6.79455135281
6.85493112142
6.8588237427
6.82710735135
6.77440922899
6.71013817598
6.63993737532
6.56489608617
6.47596154135
6.38117440843
6.28851138268
6.1989892094
6.11178870358
6.02623803763
5.94294240512
5.8615479889
5.78184082609
5.70369579517
5.62699478863
5.55166707384
5.50151204624
5.56069698446
5.68955317581
5.75571556663
5.7744508939
5.76332202989
5.73201673518
5.68663729902
5.63251991153
5.57247994386
5.50852425074
5.46606176498
5.53184148784
5.71704803703
5.98459107015
6.17500500675
6.26880070345
6.2881151461
6.24071442085
6.17125887804
6.09598505847
6.01770746031
5.93806545272
5.85785148622
5.77761632736
5.69773504678
5.61847724199
5.54001254464
5.48630518771
5.54200892373
5.71595810463
5.96940070471
6.15339213846
6.2429184648
6.25212978987
6.1976515362
6.12797233686
6.05276124513
5.97424869885
5.89389880773
5.81269123816
5.73127463368
5.65010102091
5.56910036428
5.48728082487
5.43030411542
5.48291371126
5.65541246821
5.90587174323
6.09160119244
6.18308019235
6.18935308282
6.13236153681
6.06216148828
5.9863201013
5.90704731989
5.82582356987
5.74267693752
5.65843028784
5.57454873818
5.49125066747
5.43203982118
5.48164335245
5.65161824706
5.90153937743
6.08604161977
6.17609100219
6.18199039792
6.12269773855
6.04980227708
5.97146153858
5.88856028537
5.80334207823
5.71743412521
5.63138860436
5.54474869395
5.48235940411
5.52981292441
5.69778853278
5.94840915456
6.12801413032
6.21313408808
6.22160139338
6.16155050527
6.08374051839
5.99917392522
5.9119819196
5.82344415651
5.73429048421
5.64403213416
5.55438899134
5.48943061923
5.53432971154
5.69994829328
5.94884576331
6.12621939085
6.20931430638
6.21703224753
6.15518870684
6.07368979477
5.9875884293
5.89891957599
5.80869058122
5.71758832358
5.6266219425
5.53608074875
5.47010245851
5.51400460562
5.67868400918
5.92608675166
6.10405048974
6.18769382121
6.19335440431
6.12943791183
6.04866742514
5.96311285243
5.87478309205
5.78496959116
5.69454655673
5.60409278956
5.51399252831
5.44834322345
5.49257226241
5.65750799498
5.90427306468
6.08376178178
6.1689194176
6.17322803772
6.1085718797
6.02879345338
5.94405782744
5.85639815348
5.76713720067
5.67719529029
5.58714167324
5.49738942511
5.4320308812
5.47650145907
5.6416570062
5.88797641859
6.06858367003
6.1548958807
6.15845142015
6.0935459341
6.01439579354
5.93018170939
5.84296208896
5.75408148265
5.66445081317
5.57468759805
5.48518515529
5.42000724139
5.46466770491
5.62998389275
5.8759519307
6.05733179137
6.14452509415
6.14763092711
6.08263348951
6.00391627859
5.92006297448
5.83314368124
5.74452227085
5.65512100396
5.56554840087
5.47622547313
5.4111865148
5.45597683707
5.62140595729
5.86713368737
6.04907698112
6.13691922923
6.13961605805
6.07456864556
5.99617040897
5.91258752948
5.82589815579
5.73746868421
5.64823483367
5.55881326964
5.46962083798
5.40467960887
5.44956372162
5.615080405
5.86061087805
6.04264316303
6.13081904683
6.13257234511
6.06749436309
5.98952840139
5.9062934174
5.81987524036
5.731664825
5.6426116841
5.55333062949
5.48826132793
5.53296224798
5.69849974048
5.94788536221
6.12471210348
6.20718978674
6.21563308512
6.15397084434
6.07168821239
5.98487895182
5.89556620404
5.80498131846
5.71391567244
5.62293158259
5.53237685198
5.46638620033
5.51028523462
5.67495374284
5.92214714729
6.10036654264
6.18426610274
6.18958634895
6.12545900879
6.04490902232
5.95953128107
5.87133988325
5.78164586037
5.69132206383
5.60094656468
5.51092302635
5.44533383852
5.48960436676
5.65458321772
5.90127606892
6.08097887501
6.16635059311
6.17050003029
6.10578258781
6.02613253814
5.94149564956
5.85391414981
5.7647308354
5.67484709608
5.58485366766
5.49514905253
5.42981903843
5.4743299138
5.63951923103
5.88578242869
6.06651780328
6.15300240629
6.15646085029
6.09153121681
6.01246283654
5.93167791192
5.84930367776
5.7648060867
5.67927068616
5.59604094207
5.51329933013
5.45449192548
5.50515973798
5.67598160701
5.92777560214
6.11137417515
6.20025973729
6.20819762902
6.14976521711
6.07568959338
5.99505354681
5.91170802362
5.82593558087
5.73929080006
5.65444983665
5.57125635549
5.4887790385
5.43062859966
5.48358483289
5.65938087133
5.91659091006
6.10607620821
6.20015823614
6.21356494007
6.16768891411
6.1156617376
6.05241274277
5.97787157966
5.90643129522
5.85880500909
5.79921383741
5.72418192894
5.65525066745
5.59848442043
5.5389733099
5.49579070865
5.56304239342
5.70063782449
5.77691129697
5.80526482339
5.76450176103
5.70239570395
5.66539441374
5.64132044459
5.58976494875
5.53248003764
5.4923251515
5.5648313906
5.70787334873
5.78744576336
5.81558753354
5.81468259012
5.79357737606
5.7580999305
5.71373694626
5.66313286976
5.60837088495
