0.0
0.979448
1.95792
2.93541
3.91192
4.6750627678
0.0263152711455
0.239222611383
0.228100712476
0.169503621436
0.113003993325
0.0708688270642
0.0427101273529
0.0250539617288
0.0144032107527
0.0024475467286
0.00408510502436
0.00350966922321
0.00250701272759
0.0
0.000832816013773
0.000769446088344
0.000564277422213
0.000377502888791
0.000176085078677
0.000169789280684
1.39750318824
2.81628758361
3.9774787886
4.93000205844
5.73576076038
6.37047117478
6.75043132736
6.921207775
6.94520618182
6.87717035934
6.75962833355
6.61703791102
6.46394521543
6.30879203678
6.15331097042
5.98296591355
5.81276427095
5.64605139508
5.48457540992
5.36054157996
5.38041629027
5.55239597082
5.53909873511
5.49906958048
5.45929480454
5.41962993514
5.38003489465
6.07527873637
6.77776665759
7.2113668077
7.4520931604
7.57731457638
7.63992590536
7.66954657817
7.68184696189
7.68527545643
7.6844834092
7.68153097828
7.67755552802
7.67314233846
7.668592582
7.66244560053
7.63120849482
7.58963058851
7.54838004739
7.50416927582
7.45797267534
6.79576884566
6.03973175544
5.49809367314
5.18167278949
5.04952277733
5.07709683333
5.25655409813
5.59011007467
6.01027552231
6.24998694921
6.32683045264
6.28811302539
6.17042033743
6.03180981013
5.8843305317
5.73236621903
5.57865225931
5.42488241176
5.30446875952
5.32588272288
5.49795358315
5.47759280176
5.42799951407
5.37831610979
5.32867085675
5.27848123765
5.9724534958
6.67393432985
7.10501204529
7.34253724277
7.46528606313
7.52510210382
7.55178130509
7.55950038927
7.55869701776
7.55387791857
7.54725957629
7.53920600213
7.53120624156
7.52321375143
7.51530702129
7.47902530989
7.43137680185
7.38167918233
7.32653802128
7.26997883474
6.60401572919
5.84892472916
5.31177226367
5.0137535959
5.05040896812
5.28900066138
5.60322842985
5.88403923457
5.99710798111
5.99827739003
5.9343839851
5.80667813506
5.63756707819
5.46994345637
5.33755310747
5.34920521454
5.51470175585
5.48248072234
5.42266549903
5.36317207854
5.30380400404
5.24451992371
5.93377423546
6.63747027311
7.06975718176
7.30560223412
7.42460966481
7.4798151143
7.50150439435
7.50580734083
7.50160482609
7.4932891063
7.48307750643
7.47212192677
7.46098949443
7.44997851253
7.43922123355
7.39834543873
7.34550346627
7.2893572219
7.22895517806
7.16741363044
6.50023907435
5.74681695837
5.22576860805
4.95311219207
5.01772332419
5.24698910011
5.5563551105
5.83411971092
5.94532306618
5.94572942461
5.8808064041
5.7435863214
5.57446244097
5.4069995366
5.2741625211
5.28486608519
5.45013886153
5.41687473201
5.35568215159
5.29488215114
5.23419857218
5.17359954406
5.86423392348
6.57217295728
7.00715673169
7.24517645328
7.36617948387
7.42310528047
7.44639670024
7.45248538
7.44998273394
7.44332234669
7.43476005278
7.42543852143
7.41590555843
7.40644307666
7.39719931477
7.35732689133
7.30536705178
7.24917112977
7.18861132016
7.12706867948
6.46094590649
5.70948683141
5.19519572325
4.92478258812
4.99333943877
5.22559439099
5.53651477724
5.88528973829
6.18401019543
6.30586734917
6.3059853922
6.23376196278
6.11091088212
5.94459012281
5.77463351557
5.60532712002
5.43761252566
5.30463512689
5.31546851705
5.4808404406
5.44742687296
5.38623310272
5.32539279243
5.264660468
5.20401942035
5.89387362712
6.5998607427
7.03355104741
7.27068994162
7.39095221293
7.44715867103
7.46970947825
7.47506505379
7.47182086042
7.46443181429
7.45515824768
7.44512398873
7.43492141186
7.42480850559
7.41492358098
7.37464025807
7.3223005619
7.26613485886
7.20563408323
7.14409066899
6.47751645431
5.72522830836
5.20816363669
4.93676932235
5.00364422309
5.23439237507
5.54476012015
5.89308999141
6.19146445041
6.31302159955
6.31283596306
6.24043323854
6.12028376192
5.95425354192
5.78357540725
5.61370768367
5.44555388287
5.31228453267
5.3229088763
5.48805939306
5.45460536523
5.3934135557
5.33255182233
5.27180951216
5.21115924982
5.90075351787
6.606218674
7.03954052982
7.27643955775
7.39650262492
7.45253543221
7.47492521444
7.48010305133
7.47749400585
7.47521587071
7.47074799822
7.46492637992
7.45889275627
7.45373197886
7.44817073578
7.41384656711
7.3682626203
7.31973507821
7.26692177032
7.21284800846
6.55050422087
5.79819527213
5.26526208542
4.95096148397
5.02825950712
5.26787344159
5.58546529959
5.87073127314
5.98788914974
5.99256666552
5.92061248774
5.77871325609
5.62612612173
5.47218741593
5.35792601224
5.39136169208
5.58734023999
5.57264403142
5.52995670075
5.48745086179
5.46887162066
5.45221193665
6.15616701346
6.85751081932
7.28888771429
7.5350855812
7.66445869783
7.7320412091
7.76757854404
7.785108318
7.79433394471
7.79905225007
7.80136643344
7.80246729376
7.80286498171
7.80305506917
7.80311088194
7.78207744215
7.75171938245
7.72221976663
7.69207716737
7.66064637359
7.00628182057
6.25065646662
5.67837934082
5.3039333519
5.05991460792
5.0687232383
5.38436558634
5.74355518053
6.0550445329
6.1893705862
6.20131330332
6.11604593794
5.99050589931
5.85605303633
5.7171971395
5.57657652013
5.43600627789
5.32869002863
5.36228802041
5.5463695377
5.54620045845
5.51775085971
5.48917172342
5.46062836631
5.43211498295
6.13325598325
6.8884359363
7.53969787464
8.11885761883
8.64921850923
9.14632421423
9.62012541425
10.0770236147
10.520899679
10.954573521
11.3797844231
11.7981218801
12.2097508151
12.6150380851
13.014368228
13.1182847374
13.0746900284
13.0310101735
12.9874096168
12.943909432
13.2312449414
13.6589134281
14.0640637613
14.3994075375
14.5667300819
14.6186355721
14.6018354663
14.5465298962
14.4707407211
14.3844643509
14.2933947027
14.2006212872
14.1077287422
14.0158146585
13.9252883827
13.8589648061
13.813247405
13.7676341088
13.7222239451
13.6768187053
13.3486708438
13.010523079
12.9471154182
13.0554333088
13.2621661241
13.5274068562
13.8285527272
14.1516019638
14.4298444376
14.543761589
14.5343594152
14.4456457397
14.3104248804
14.1485999341
13.9738030364
13.7925925213
13.6563503647
13.6951117402
13.6489100197
13.6080917207
13.5678599685
13.5283926609
13.4896211369
13.7502418742
14.0529035804
14.3239198238
14.4520188391
14.4841753297
14.460677266
14.4096203261
14.3428866757
14.2687435196
14.1906347826
14.1112360072
14.033517801
13.9567160636
13.8816149216
13.8522150893
13.8368146985
13.8075142074
13.7783137974
13.7494138224
13.7206137033
13.3469108357
13.1886095608
13.2432099294
13.4216116558
13.6727139934
13.9680166668
14.2310189401
14.3375195591
14.3285191548
14.247018103
14.1233165682
13.9756152306
13.8151140197
13.6950134261
13.7476141691
13.7727146853
13.7439145619
13.7153143393
13.686614007
13.6580117798
13.8358106945
14.1460119576
14.4226137466
14.55501731
14.5912193639
14.571420787
14.5209208139
14.4543212052
14.4246339325
14.5449379459
14.7659430177
15.042886421
15.3527815801
15.6813276159
16.0197107446
16.1874526882
16.1596770169
16.1345018354
16.1118933544
16.0900631226
16.2743638339
16.6529328864
17.0106375435
17.3493297287
17.6754121078
17.9959030523
18.3163877275
18.635315557
18.952691168
19.267175722
19.5790696774
19.8885682375
20.1956766235
20.288989538
19.671446055
18.6074396501
17.2893173135
15.9599096217
15.1248227018
15.1114570557
14.8705394012
14.3506365367
14.0236036038
13.8190103291
13.7290695513
13.8350682285
14.0599967092
14.2927148177
14.4057312275
14.4409174671
14.4319825509
14.399945392
14.3568266783
14.3075929897
14.2552776909
14.2133357279
14.2145885287
14.2165814651
14.2189838609
14.2225391671
14.1151544012
13.5726256448
13.2164661817
13.129676176
13.2390397647
13.4612099307
13.7500577316
14.079714851
14.3741705483
14.5095242899
14.528468501
14.4743401566
14.3772560326
14.2551903683
14.1203682809
13.9788172729
13.8350188347
13.7374857609
13.8165740721
13.8285845871
13.8435530605
13.8595194499
13.8758190225
13.8925363631
14.1133926992
14.2267582659
14.270800191
14.2763111936
14.2610331603
14.2356984305
14.2046608998
14.1709489455
14.1367161919
14.1027143554
14.0691989455
14.0361323649
14.0048861894
13.974329289
13.9448037709
13.9622407456
13.9882178249
14.0141214308
14.0405168987
14.0672381642
13.5955462545
13.2149187573
13.1146354023
13.2218267097
13.4494299627
13.7470795146
14.086918381
14.3921955791
14.538371837
14.567718495
14.5245298418
14.4383571769
14.3272392104
14.2020939455
14.0699392404
13.9348787378
13.7996179279
13.7117480806
13.8002194768
13.8254693475
13.8534239707
13.8812778139
13.9090294117
13.9367826785
14.1348682571
14.230955925
14.268426886
14.2736371783
14.2613140158
14.2395021014
14.2121065469
14.1823640299
14.1514495162
14.1198851591
14.0873426484
14.0548582084
14.0229480844
13.9912134334
13.9588469698
13.9732078479
13.9947218225
14.0156457972
14.0353764865
14.0548632145
13.5759564202
13.1888094837
13.0813805635
13.181632117
13.4016637451
13.6921899973
14.023063245
14.3195598018
14.456848723
14.4777273757
14.4245512852
14.3285846545
14.2074904958
14.07282826
13.9298380868
13.7843762409
13.6847680605
13.7611358453
13.7665918621
13.7747744006
13.7823076093
13.7897476114
13.7954169278
14.0696001007
14.3332594544
14.4673857797
14.5148966481
14.5136547427
14.4855808251
14.4433942729
14.3923619157
14.337823705
14.2815676895
14.2248230915
14.1673155915
14.1104814495
14.0543834482
13.9990535827
13.9871335696
13.9825452791
13.9773980949
13.9716266237
13.9646388039
13.4691591107
13.067070884
12.9476883883
13.0338200035
13.2388329733
13.513056936
13.8291749134
14.1687074341
14.4570971814
14.575167079
14.5751231527
14.4961254721
14.3727311471
14.2241801208
14.0613402399
13.8951570276
13.7272251908
13.6049409978
13.6595874359
13.6357316313
13.6168096344
13.5948077862
13.5731312326
13.5477660646
13.8038135803
14.1076585556
14.3785125794
14.5051629879
14.5423351683
14.5212847857
14.4726621851
14.4056997021
14.3286601797
14.2506219482
14.1692256149
14.0854501553
14.0050575853
13.9671722471
14.0855480135
14.3011582661
14.5708363094
14.8773309588
15.2087116958
15.3482385543
15.2928144918
15.2399258914
15.1919422867
15.1487484663
15.3150918216
15.6817951157
16.0256923082
16.3582565622
16.6769329903
16.9838609077
17.2814752123
17.5753112571
17.8635830456
18.1478083056
18.4292067825
18.7079527352
18.9875374867
19.2655989406
19.5409346628
19.8134510371
20.0814989788
20.3384938473
20.5944801242
20.8482580873
20.9109903727
20.8296394645
20.7551256421
20.6940614352
20.6404700574
20.71854777
20.9035355689
21.1149031794
21.3468461512
21.5930707069
21.84051842
22.0814563557
22.3324975849
22.5399029633
22.6184584877
22.613350083
22.5588915019
22.4764042772
22.3850044662
22.2890422087
22.210319952
22.1545530681
22.0969700432
22.038535849
21.9816074729
21.7963529553
21.653784766
21.6790507123
21.8034620833
21.9836214559
22.1976560437
22.4322629501
22.6315110683
22.6973079734
22.6740815269
22.6019040919
22.5049608145
22.3925923671
22.2709732698
22.1453612265
22.0534576173
22.0937409289
22.2250071856
22.3585183569
22.3827895561
22.3417433902
22.262407853
22.1623732333
22.0847806413
22.1312046851
22.2643311929
22.4012497938
22.4319890427
22.391789991
22.3113350117
22.2093468039
22.1307886191
22.1781019088
22.3133115112
22.4508554185
22.4794137022
22.436599214
22.3558331958
22.2552163431
22.1425408235
22.0569146885
22.0991779062
22.2334073729
22.371200011
22.401300203
22.3603531781
22.280350471
22.1799826906
22.1030895968
22.1515066896
22.2857495929
22.4242108787
22.4547362723
22.4147426976
22.3355198657
22.2348521863
22.1227804127
22.0391986867
22.0846707105
22.2193626046
22.4050817071
22.3730021123
22.3188162049
22.2651462873
22.2119799823
22.1589309904
22.2552605275
22.3724026644
22.3967488499
22.3633259874
22.296417774
22.2089003874
22.1396440095
22.182680192
22.3044312649
22.4304848269
22.4602898232
22.4295403117
22.3662427176
22.2859258635
22.1970098571
22.1339537153
22.0758468991
22.0119569309
21.9432260801
21.8735785389
21.629875194
21.5536024704
21.6219038717
21.7721815467
21.9705027161
22.1943249164
22.4307882931
22.626208572
22.6848363928
22.6526348847
22.5700850105
22.4625270015
22.3441546127
22.2218782912
22.1318715515
22.1728944118
22.3046785853
22.439102127
22.4625107234
22.4105226366
22.3212642887
22.2102565791
22.1220937876
22.1592135827
22.286494402
22.4207288439
22.4499785981
22.4091403676
22.3283696611
22.2249988909
22.1085347837
22.0179092287
22.0526802326
22.1757788331
22.3519333449
22.3150379836
22.2563876211
22.1993465889
22.1432191439
22.087306392
22.1825853049
22.3423780565
22.4917924161
22.5312658402
22.5009981142
22.4334098492
22.3469371515
22.2518757232
22.1533521511
22.0857295404
22.140233544
22.2772984233
22.4155930863
22.4499304954
22.417601475
22.356439961
22.293577481
22.2312517372
22.1704656428
22.1117498946
21.8916343623
21.8322826477
21.9073754997
22.0577873363
22.2508269436
22.4218316955
22.469519779
22.4356986193
22.356312789
22.2527891248
22.1375078644
22.0503174155
22.0912773156
