0.0
0.979448
1.95792
2.93541
3.91192
3.77529692141
0.183778717613
0.251857345059
0.208396729962
0.146298643973
0.0945576961061
0.0581501249485
0.0346009138735
0.0200883185406
0.0114505895093
0.0064376807217
0.0025367408868
0.00244966503169
0.00181767249236
0.0012237200635
0.000492763994028
0.000525803765097
0.000417305907314
0.000277563611169
0.000108818174815
0.000113373646681
0.846124822168
1.78398246756
2.64824892249
3.44596733637
4.18357896834
4.86736663596
5.50407428395
6.07544780136
6.61256272559
7.04775897128
7.37110703617
7.59035416185
7.71833625979
7.7708140901
7.76438737794
7.71464513848
7.63564435123
7.53628316566
7.42465287764
7.30689602975
7.18680227108
7.06639157515
6.94860340976
6.83434810148
6.72417719431
6.60309358102
6.47444941976
6.3484291093
6.22565282802
6.10398509274
5.9860168601
5.8713886668
5.75966615353
5.64987155138
5.54291757333
5.46917697503
5.58048872716
5.81214440265
5.9658505633
6.05197262238
6.08797889021
6.08220440045
6.01203337845
5.90931522157
5.80421978605
5.69922626893
5.59478723591
5.49050390712
5.41915079157
5.53622766517
5.8111244036
6.0834387222
6.2657997068
6.37092231477
6.41679943214
6.41957979124
6.39035780772
6.34157923201
6.27924371879
6.18088655418
6.05769375057
5.9359606431
5.81729027814
5.70148426116
5.58835895524
5.47772845917
5.40081584341
5.51376601627
5.78730780761
6.05758178974
6.23703193564
6.33947008036
6.38305641326
6.38387659521
6.3543798968
6.306064741
6.24294026651
6.13943758017
6.01430058507
5.89094682332
5.77074877734
5.65352446408
5.53820078526
5.45448605192
5.55861340014
5.78341278903
5.93092191515
6.01108227135
6.04209859728
6.03388843145
5.96360243871
5.85409365074
5.74144458848
5.62919814797
5.5178749751
5.43918335482
5.54798390677
5.81255419443
6.07550541368
6.24972171283
6.34774415905
6.38663020791
6.38363458962
6.35127328838
6.2995458508
6.23383921491
6.129494814
5.99999302862
5.87204506927
5.7466038318
5.62231362907
5.50162965692
5.41531799515
5.51920830694
5.78242173378
6.04450155224
6.2181433598
6.31568064874
6.35485931738
6.35158543061
6.31895817337
6.26705894024
6.20249433827
6.10362477834
5.97021555304
5.83757739497
5.70893680401
5.58374644047
5.46162262221
5.37404859166
5.47951645699
5.74552500384
6.00942397204
6.18453664486
6.28334713239
6.32362070728
6.32133659138
6.28959288966
6.23850341114
6.17424779416
6.07320276943
5.93946143968
5.80705436871
5.67862275667
5.55378536363
5.46332282616
5.56060362844
5.7785271786
5.92004711148
5.99555886583
6.02225357527
6.01097884461
5.93923304867
5.82394881469
5.70528934519
5.58738137486
5.47067487722
5.38708243769
5.4959878271
5.76179570695
6.02521840186
6.19989421064
6.29823697934
6.3380205358
6.33520638002
6.30288488702
6.25120236676
6.18616681847
6.08366964978
5.9502408177
5.81822341518
5.69003084248
5.56533257523
5.44375975032
5.35665346611
5.46372599162
5.73138612918
5.99653248194
6.17273954461
6.27247366938
6.3135591614
6.31195696041
6.28082740731
6.23027881194
6.16648250493
6.06527762868
5.93141580112
5.79899867061
5.67059787732
5.54582966672
5.45546831914
5.55329938224
5.81152675042
6.06955298996
6.23962095757
6.33410888889
6.37069871239
6.3652108944
6.33062600753
6.27700427819
6.21073340597
6.11068923452
5.97754145286
5.84509307332
5.7164492017
5.59129262122
5.46926819328
5.38163009253
5.48661155817
5.75194790404
6.01532274976
6.18999779754
6.28842045191
6.3283637403
6.32579141657
6.29377929938
6.24243807571
6.17688153718
6.07005812573
5.93666856688
5.80534163285
5.67773936038
5.55353276425
5.46355139857
5.56131353718
5.77936611329
5.92092775299
5.99646998818
6.02317499722
6.0120318829
5.94089615759
5.82563063026
5.70688085585
5.58890254111
5.47212623056
5.38848308757
5.49723955791
5.76290710694
6.02623181157
6.2008161819
6.29908936917
6.33881364275
6.33593977974
6.303575911
6.25183623552
6.18584791884
6.07889395026
5.94572509795
5.81452891674
5.68698694227
5.5627803108
5.44158745794
5.35479074115
5.46230405171
5.73019578464
5.99550270896
6.17184060073
6.27168393117
6.31285161707
6.31132983129
6.28025789211
6.22975971934
6.16577379291
6.06316599245
5.92933562163
5.79716817865
5.66897514099
5.54436684642
5.45414608339
5.55218777452
5.81209670856
6.07539114709
6.25095964844
6.35033788209
6.39112056138
6.39122594349
6.36008848736
6.30953956616
6.24530681055
6.14327832825
6.0163081446
5.89082238373
5.76865443304
5.64956544625
5.5333071066
5.44846427975
5.55102823814
5.81450461796
6.07643040732
6.25178269442
6.35272518899
6.39693552138
6.39808733797
6.37151111919
6.31863342274
6.22175633267
6.10903389262
5.99982575826
5.89731325531
5.80912978097
5.70666663837
5.59332840289
5.48864353329
5.44963832663
5.59571209579
5.8331323683
5.99158031073
6.08371546379
6.1309189046
6.12296432538
6.05297382737
5.96409432594
5.8720765891
5.77744661838
5.68376835654
5.59050309466
5.49866221992
5.43819865396
5.5630734916
5.80759635868
5.97163766432
6.06724852195
6.11145308801
6.11070905403
6.04649415161
5.95638538999
5.86327832685
5.76945547503
5.6757047656
5.58250050997
5.49013675007
5.43010329305
5.55603819199
5.80147768875
5.96688157601
6.06303166352
6.10763076685
6.10764185856
6.0438893446
5.95365107018
5.86042252688
5.76655388052
5.67280099626
5.57983578122
5.48822405933
5.4288744439
5.55569014588
5.80226292298
5.96877175623
6.06596474312
6.11148682298
6.11311567096
6.05139829087
5.96206324428
5.8696886256
5.80680961167
5.9106088941
6.16432306785
6.45983464618
6.42598932536
6.39630472667
6.36667941138
6.33707412836
6.3075090369
6.84702135187
7.38910384554
7.90163136176
8.38987500853
8.85796635443
9.30951393611
9.74726256154
10.173609286
10.5906297655
10.9992846123
11.4004466151
11.795012073
12.1834838545
12.5663433547
12.9438200752
13.057825599
13.0165235509
12.9751059171
12.9337937007
12.8926850714
13.1417202388
13.527076298
13.8994341055
14.232686271
14.4615438787
14.601602982
14.6761622823
14.7058075162
14.7058251973
14.6873185697
14.6574016419
14.6206776964
14.5801601946
14.5374493234
14.4938408945
14.4493385956
14.4044371229
14.3596347054
14.3149321899
14.2703261481
14.0535906416
13.7342374705
13.5126998632
13.4586908739
13.530902444
13.6814275644
13.8832608729
14.1199988916
14.3479344542
14.4901468015
14.5581794999
14.568767146
14.5372087972
14.4767033577
14.3999599448
14.3302735988
14.2914079492
14.2528620566
14.2145716229
14.1788580487
13.9202689113
13.2546518945
12.6586164336
12.1943110873
11.8697871852
11.6727436905
11.5871291056
11.5937154997
11.6676160279
11.7897196677
11.946804233
12.1019019149
12.2441011634
12.3741020842
12.4929020434
12.5755027571
12.5526027338
12.5286024181
12.5048026843
12.4811030387
12.5404040118
13.0090092642
13.4591144782
13.8927187296
14.2860219851
14.5763236985
14.7681223499
14.8762213765
14.9178208757
14.9099195795
14.8669200122
14.8008208565
14.7198214798
14.6292225155
14.5330222476
14.4335211817
14.4068204788
14.378719862
14.3506186762
14.3224147543
14.2944130887
13.605505928
12.9873005937
12.4985973319
12.1456984699
11.9193989709
11.8058030844
11.7879027075
11.8437083488
11.9526182687
12.0981178139
12.2448100921
12.3792479413
12.5027981215
12.6154179532
12.7177477715
12.7140296562
12.6938166314
12.673599148
12.660036636
12.6465200999
13.0421274192
13.5033022485
13.9475230729
14.3771203478
14.7940226216
15.2008736955
15.5966618498
15.9775055843
16.3487570136
16.7172022648
17.0866887602
17.4518651445
17.811150244
18.1645695469
18.5128869366
18.6535870651
18.6338933048
18.3511030142
17.4385330938
16.2917447577
15.994679222
16.3330467474
16.5649091932
16.7090718309
16.5611392445
16.2671578319
16.1691505593
16.096542512
16.0413802422
15.9956403645
15.9555776764
15.9194889543
15.8862045341
15.8547347606
15.8262529094
15.8118070199
15.8099641948
15.8088175871
15.8087372292
15.8088407211
15.6209818469
15.3086699654
15.0616581933
14.8633965899
14.7018259412
14.5668196347
14.4508899617
14.3487135932
14.2579203362
14.174683939
14.0972551452
14.0246996135
13.9563586183
13.8910974935
13.8280828319
13.802778196
13.8175853721
13.8325591543
13.847766087
13.8643597212
13.6598982677
13.1066136166
12.6872790333
12.3983475094
12.2273621791
12.1609348728
12.1821193185
12.2724497365
12.4118631896
12.5733122818
12.7217337607
12.8582074586
12.9835212733
13.0981321016
13.2028399337
13.2857037982
13.3120958005
13.3382201725
13.3643975037
13.3917772711
13.4945670372
13.9716276388
14.4070093451
14.7382862727
14.9700589347
15.1174592517
15.1983998213
15.2299361736
15.2271095615
15.2011129643
15.1598982626
15.1086581435
15.0510138223
14.9894716475
