14.2154546458
14.3164201461
14.3460127592
14.3324991272
14.2967207717
14.2497967845
14.1963105939
14.1392744702
14.0813256259
14.0239291855
13.9771810154
13.9736274001
13.9703301871
13.9667631319
13.9621768143
13.8899127362
13.5652988426
13.3738535997
13.4084979163
13.5836312062
13.8339941374
14.1285325739
14.4020327913
14.5388830413
14.5678748139
14.5205360294
14.4320828396
14.3181103806
14.1912500591
14.0610679319
13.9295329069
13.8009973679
13.7228847613
13.7586379942
13.7413895405
13.7211493896
13.6982830624
13.6782551193
13.654630987
13.7608604875
13.9729928239
14.1914246349
14.3027158144
14.32698385
14.3033936168
14.2479926129
14.1762704089
14.1013432767
14.0212303881
13.9387316548
13.8603048389
13.8261950555
13.9525628756
14.1305993615
14.0937099789
14.0612701948
14.0258667968
13.9938634872
14.0185804371
14.3062887077
14.6096008008
14.9225129193
15.245535366
15.5703217365
15.8978031199
16.2221211043
16.5409011394
16.853290639
17.1670134104
17.4718707199
17.7692991884
18.0637930593
18.3542667059
18.6414353143
18.6216445014
18.5561665226
18.4958668382
18.4382723697
18.3821498471
18.5292150175
18.7341338161
18.9642652389
19.2095753685
19.4604199965
19.7123057303
19.9632242002
20.2210144767
20.4914787175
20.7700952295
21.0459520617
21.3134120798
21.5754093897
21.8376064615
22.1029968873
22.3681659339
22.5872290518
22.6755468772
22.6819558828
22.6539865403
22.6045610007
22.5441176999
22.4780796022
22.4167119758
22.3516308139
22.2893522162
22.2283544341
22.1670991011
22.1408085236
22.2362228314
22.3612886748
22.3997113863
22.3831839805
22.3383901642
22.2855827455
22.2323472571
22.1814589411
22.1301045961
22.0778584324
22.0258228997
21.8656041341
21.8514913317
21.9659093036
22.1446681144
22.3583311219
22.5510337162
22.6273220744
22.6236704439
22.576855863
22.5093219359
22.4331047308
22.3534065001
22.2720173873
22.1900711688
22.1454810344
22.2305481961
22.3477122416
22.3752556886
22.3456409588
22.2935026377
22.2427432765
22.1920023989
22.1410685129
22.0898234795
21.6862498708
21.4272812499
21.3523940543
21.398414945
21.5150011933
21.6768342982
21.8623755619
22.0422342274
22.2139126994
22.3777583497
22.4964670742
22.4892790316
22.3843154187
22.2198396892
22.0574172379
21.997291075
21.9473153455
21.8976056127
21.8473864222
21.7967618745
21.8495154956
22.017522403
22.2257218257
22.4140273515
22.4867349501
22.4826047758
22.4376352986
22.3727320895
22.2982152908
22.2193857983
22.1772301268
22.2635259541
22.3805658848
22.4083286182
22.3797526206
22.3279161419
22.2764045886
22.2238384242
22.1684935449
22.1091266068
21.8165457657
21.4725455359
21.3310310709
21.3346836164
21.4290321261
21.5783127
21.7604517512
21.9396534832
22.1076071602
22.263704674
22.3716595026
22.3553675068
22.2451344457
22.0777681834
21.9142016735
21.8628958722
21.8117410381
21.7610957302
21.7097055276
21.6560973562
21.6532631767
21.8082126607
22.004516251
22.2263901259
22.4243147492
22.5054772255
22.506141765
22.4628701659
22.3970604922
22.319726959
22.2361336513
22.1491996536
22.0969700573
22.1715147941
22.3250949162
22.4793058445
22.5304213927
22.5135614017
22.4626496343
22.4074876567
22.3511214978
22.2932038312
22.2339356252
22.0108189954
21.5524059755
21.3114002649
21.2478308513
21.2996131203
21.4205126704
21.5844950764
21.7680436788
21.9442967828
22.112098962
22.2718981632
22.3861212051
22.3755635971
22.2690462409
22.1036387984
21.9464510954
21.8900095335
21.8358573019
21.7820963926
21.7284156782
21.6868634028
21.7796078867
21.9448663797
22.1489916128
22.3748734907
22.5727660542
22.6507941797
22.6468998949
22.5985779314
22.5283387479
22.4479694505
22.3633630566
22.2773317373
22.1922620382
22.1440636267
22.2232550774
22.3334454827
22.3557187647
22.3220915024
22.2649814175
22.2070052147
22.1496436156
22.0932460745
22.037835025
21.6333474997
21.3736686389
21.2961230032
21.3380157458
21.4510000852
21.6085245748
21.7883651947
21.9626208884
22.1297525298
22.2900795836
22.4054853019
22.3955799099
22.2894563191
22.1239469258
21.960040968
21.8957310964
21.8407753075
21.787417745
21.734113026
21.6805820849
21.730415601
21.8909351178
22.1013036474
22.3343947907
22.5378826122
22.6194343593
22.6188340023
22.5750051796
22.5099268608
22.434208027
22.3544051045
22.2734202288
22.1925869146
22.1491105244
22.2326058738
22.346415741
22.3731642488
22.3453875149
22.2946758043
22.2423404256
22.1895429767
22.1375026367
22.0867670831
21.6830772252
21.4236061775
21.3461080482
21.3900411931
21.5084398878
21.6706312576
21.8533944367
22.0301319222
22.2011001357
22.366769485
22.4867795491
22.4779000011
22.3715148475
22.2062407337
22.0438725092
21.9835373754
21.931684906
21.8796675137
21.8283005154
21.7769828784
21.8288752469
21.9938596744
22.198538435
22.4242755013
22.6197654404
22.6938118218
22.6857156606
22.6337528664
22.5615363828
22.481314044
22.3985800902
22.3156320048
22.2327458183
22.1494076463
22.1019139394
22.1795529695
22.311470232
22.2611677948
22.2021049205
22.1446992227
22.0893835655
22.0441647638
22.1227794678
22.2823957717
22.439386171
22.4924014107
22.48020383
22.4352846824
22.3757570367
22.3141871533
22.2512676985
22.1887520505
22.1625842688
22.2578298912
22.3794940603
22.4125191949
22.3914846588
22.3339217752
22.2745590886
22.2160096853
22.1593668393
22.1048048128
21.9459189487
21.9900790355
22.1316063687
22.3216895581
22.4959471382
22.5568326088
22.5425668002
22.4884736141
22.4155275973
22.3348576557
22.2518135542
22.1686664294
22.1230751412
22.2055828532
22.3645295111
22.3789206096
22.32215408
22.2640638633
22.2054355269
22.1491578766
22.1801985377
22.3181810411
22.4639400296
22.512336572
22.500374038
22.4584401284
22.4020061434
22.3391233096
22.2736284144
22.2078413028
22.177995165
22.2704859159
22.3917679126
22.4265452831
22.4085593977
22.3599464796
22.3037354811
22.2464664397
22.1887757115
22.131505283
21.975013352
21.9615118842
22.0756067842
22.252317233
22.4196473781
22.4768355211
22.4610848467
22.4066440407
22.3336330071
22.2529669766
22.170261594
22.1245435721
22.2077533205
22.3684908486
22.5258588284
22.5764293597
22.5564554592
22.5000084033
22.4396552451
22.3795200981
22.32072893
22.2641134861
22.1271736259
21.6510063072
21.3971453325
21.3244925551
21.3687230094
21.4819423692
21.6382299257
21.8158686951
21.9887905008
22.1564052485
22.3190211454
22.4377562827
22.4296709116
22.3243193337
22.159029077
21.9957637139
21.9399778627
21.889868196
21.8396815419
21.7877224527
21.7351334218
21.8269178958
21.9973179147
22.2055882263
22.4344005465
22.6348965767
22.7165594459
22.7171507527
22.6723634919
22.6035866921
22.5233015879
22.4423017851
22.3599078537
22.2771516244
22.1939574894
22.1478507156
22.2316045867
22.348531944
22.3753362215
22.3437727413
22.2925114356
22.2410985905
22.1903419181
22.1392985429
22.087515272
21.6836992214
21.4244034087
21.3492986319
21.3948806701
21.5098240139
21.6726238306
21.8579217447
22.0379385628
22.2102111774
22.3748004507
22.4937387943
22.486274347
22.3815391242
22.2172307006
22.055155436
21.9952214408
21.9451201865
21.8954868743
21.8460761769
21.7964119159
