0.0
0.979448
1.95792
2.93541
3.91192
4.14272716324
0.107410974063
0.2485574153
0.230154409575
0.181464716268
0.149550968805
0.143861873678
0.155660994104
0.174905212064
0.196658146829
0.219167200272
0.24187820662
0.264628562422
0.287367720842
0.310084259005
0.332773738767
0.355434284119
0.378066707605
0.400670616631
0.423245758003
0.445792170602
0.698280474885
1.76083494159
2.67630829383
3.46296713736
4.14193800964
4.73648764747
5.26871034305
5.74818425162
6.15336408424
6.42092054456
6.57216511489
6.6364746698
6.64159639054
6.60865714294
6.55283078577
6.48413674424
6.40793112297
6.31640143136
6.21465758978
6.10987459312
6.00676720069
5.90634148926
5.80821044272
5.71211495866
5.61685792174
5.52331104117
5.45289963679
5.48144553967
5.62047495764
5.83201390143
5.97525440864
6.03214488466
6.01625887618
5.96949936531
5.90780079175
5.8366173617
5.75904713434
5.67729074814
5.59180999867
5.50487727064
5.43879058306
5.47110096141
5.61426670992
5.83175003832
5.97688709709
6.03550563186
6.02096001685
5.97108732567
5.90645548651
5.8325225999
5.75235121538
5.66809378274
5.5801090174
5.49082716405
5.42239047821
5.45245192759
5.59356198097
5.80914767644
5.95316164805
6.01048537839
5.99363617886
5.9419414408
5.87555130412
5.79986026679
5.71794876283
5.63192890911
5.54224329896
5.47290069761
5.50210580973
5.64264120991
5.85895005517
5.99947667311
6.05408568511
6.03757456484
5.98322201996
5.91319917791
5.83374502261
5.74832016328
5.65900944647
5.56725295786
5.47289193694
5.39955389681
5.42499724985
5.56197676894
5.77381077668
5.91517680003
5.96965198684
5.94842423759
5.89407647585
5.82437874965
5.74474589504
5.65895354652
5.56910080718
5.47663022897
5.40313123178
5.42824685421
5.56527797697
5.77823215332
5.91862525527
5.9722046718
5.95063322102
5.89343219915
5.82237710832
5.74069693237
5.65225245256
5.55987898007
5.46497680791
5.39009336582
5.41303136866
5.54763136107
5.80692012181
6.09859062267
6.27791839055
6.36185969864
6.37786391834
6.33931229332
6.25719213904
6.15480445692
6.0490659597
5.9419367892
5.83430625742
5.72635960048
5.61815899989
5.51086081525
5.42595646189
5.44047431013
5.56696218477
5.76888236023
5.9019262886
5.94889928772
5.91995617078
5.85748554006
5.78137473888
5.69611942457
5.60471127053
5.5091440824
5.43224054573
5.45405570893
5.58831443515
5.80011979082
5.93531178314
5.98417334287
5.96034507696
5.89621386567
5.81841173344
5.73162584551
5.63886155918
5.5421616543
5.46480837974
5.48611326106
5.61977757797
5.83107312566
5.96442118237
6.01181740867
5.98828376996
5.92351228023
5.84500872256
5.75760100073
5.66426370554
5.56707073528
5.46743507537
5.38789913558
5.40720107612
5.5388063802
5.79535066665
6.08436774964
6.2613738783
6.3431918977
6.35719847072
6.31637821101
6.23118373941
6.12744750263
6.02038398739
5.91186898869
5.80280355396
5.69376962613
5.5851359433
5.47713292629
5.39135386367
5.40497790914
5.53072735205
5.78109045577
6.06869537837
6.24595876316
6.32803090776
6.3417293369
6.29829499489
6.21168599695
6.10853793894
6.00214245519
5.89418551984
5.78558896983
5.6769515211
5.56866498052
5.46096049166
5.37539924539
5.38921503913
5.51518964545
5.76576960041
6.05456764677
6.23319874983
6.3163375215
6.33069783489
6.28707406179
6.20030141953
6.09736964515
5.99120287985
5.88347343534
5.77507356654
5.66661361377
5.5584953051
5.45094614867
5.36548502262
5.37940127789
5.50548987998
5.75619804347
6.04571835586
6.22519941144
6.30900325489
6.32377718087
6.28006050303
6.19318634506
6.09038205104
5.98435292185
5.87675033485
5.76847655379
5.66013283632
5.55210116599
5.46633535508
5.48002126396
5.60577353451
5.80799658362
5.93866815275
5.98399408867
5.95561035983
5.89166556892
5.81413442317
5.72757601198
5.63498079295
5.53843744948
5.46119419285
5.48259435146
5.61636408013
5.82774851451
5.96131761371
6.00889150691
5.98534638633
5.92064898797
5.84222559322
5.75488369111
5.66162283457
5.56448740223
5.46490540965
5.38540844559
5.4047551213
5.5363945088
5.79299645412
6.08220429937
6.25942435338
6.34140590014
6.35552460376
6.31466249482
6.22944416149
6.12573933497
6.01871829343
5.91025362076
5.8012309785
5.69223721092
5.5836348853
5.47565556574
5.38990174255
5.40354998973
5.52931614284
5.77969768481
6.06742342386
6.24481193246
6.32698916254
6.34074789684
6.29729168291
6.21067834538
6.10756097332
6.00466828045
5.90196648856
5.79818724431
5.69410142108
5.59020179241
5.489698561
5.41091601425
5.43090611379
5.56234617408
5.76801542332
5.90559655737
5.95652572758
5.93151567511
5.87592511886
5.8063399172
5.72730783279
5.6419365418
5.55236846018
5.48196584891
5.50957615177
5.64725937187
5.86328755145
6.00099344173
6.05465694092
6.04063208024
5.98620206887
5.91822632982
5.84089887037
5.76356063848
5.68866971078
5.61743337349
5.5280565791
5.45953324348
5.4927095303
5.65382104798
5.90514739492
6.05263542591
6.11322053066
6.104973468
6.07181555591
6.01911171457
5.95250034996
5.88104971236
5.8059772164
5.72846136292
5.64628417944
5.5659486089
5.48612222075
5.42612922307
5.46535519303
5.61478598301
5.83571774941
5.98723389697
6.05196467841
6.04412570085
6.00649489134
5.95447070098
5.8925302448
5.82381669774
5.75074215592
5.67484975246
5.59724766731
5.51870398796
5.46137593961
5.50214127783
5.65277885098
5.87596318038
6.02724302455
6.09201611917
6.08537674353
6.04679504186
5.99383828143
5.93124705478
5.86243995018
5.78938090514
5.7137569153
5.63649746989
5.55844859686
5.48022119192
5.42340940456
5.46471785706
5.61582558545
5.83839526923
5.99148171926
6.05729393071
6.05066430138
6.01448811025
5.98761376343
6.0565655854
6.23981600756
6.41797638657
6.39398440427
6.36742137487
6.34087551805
6.31437143117
6.45904578822
6.90905981987
7.31491788829
7.68935298943
8.04151238561
8.37770112655
8.70225611907
9.01858327941
9.32829586941
9.6323337453
9.93175037859
10.2269804934
10.518532196
10.8064810506
11.0912257052
11.3134623008
11.2817565375
11.2479536642
11.2141476967
11.1804408816
11.2157434144
11.5614884954
11.8655294623
12.1419677227
12.4000068354
12.6459460067
12.8836886904
13.1157452863
13.343806227
13.5686878585
13.7911484181
14.0114913279
14.1972315122
14.2885384292
14.3176373786
14.3110320429
14.2708258759
14.2311199543
14.1915125677
14.1520043035
14.1125960301
13.6854336026
13.3850959839
13.2573776066
13.2616692893
13.3481616364
13.486173403
13.6574973271
13.8509285806
14.0590713004
14.2416074445
14.3233274348
14.3257475544
14.2746386676
14.1895886838
14.0838369051
13.9653558701
13.8396339577
13.7403660584
13.7341788598
13.7014927999
13.6691178641
13.6368224197
13.6064150016
13.6165992749
13.829504138
14.0472544581
14.2343553016
14.3314447857
14.369593602
14.3738570461
14.3588491582
14.3334550794
14.3037367059
14.2717279563
14.2388182443
14.2053139309
14.1718122466
14.138412596
14.1053138967
14.0829158863
14.0604170415
14.0380177921
14.0156176402
13.9934170508
13.5635190325
13.2673276483
13.1476292588
13.1630204352
13.262400243
13.4140893674
13.5995852053
13.8071881549
14.0295949376
14.2260022944
14.3212222035
14.3372351253
14.2986418923
14.2257487049
14.1316427347
14.0248330666
13.9107241437
13.7928118159
13.7016072685
13.7188056361
13.6955008956
13.6739024941
13.6522054821
13.630608413
13.6089107561
13.8313094737
14.0571015969
14.2866526486
14.517920672
14.7497278035
14.9806227577
15.2098114127
15.4378720746
15.6638227703
15.8938238863
16.1250790512
16.3567704783
16.5869291394
16.8156996875
17.0429577615
17.0788103749
17.0636812285
17.0485080025
17.0335351169
17.0143361644
17.2029489153
17.4253110415
17.636383802
17.8389694793
18.0361852614
18.229955996
18.4211872637
18.4916208428
18.1655872913
17.6277983545
17.0127853878
16.3609830475
15.8626712956
15.6951268348
15.6143260393
15.5944164608
15.5873853559
15.5846137823
15.583672
15.5852833768
15.3901304882
15.1975030627
15.0814164443
15.0089930425
14.9628085261
14.9307938491
14.9074078638
14.8884984534
14.8730239208
14.8593728524
14.8466501525
14.8354971871
14.8250726188
14.8153783663
14.8061452222
14.8083888445
14.8206450026
14.8332387502
14.8468483234
14.8606760575
14.6456429156
14.2885545827
14.0200367148
13.8133371375
13.6755978486
13.6731505186
13.7722266327
13.93365935
14.096608557
14.1763958215
14.1935179726
14.1703260767
14.1220007697
14.0592598586
13.9871349441
13.909938948
13.8303445787
13.7782382629
13.8344879732
13.8595390606
13.8869216734
13.9146153665
13.9427556956
13.9710702237
14.179017783
14.3035167111
14.3783102188
14.4248816077
14.4564588749
14.47965407
14.4982138358
14.5149151488
14.5306116992
14.5458059877
14.5605870144
14.5754871415
14.5901168
14.6048427618
14.6191705339
14.6501901716
14.6841123169
14.7178472841
14.7515934858
