0.0
2.8284271247461903
0.0
5.656854249492381
5.0
6.324555320336759
1.4142135623730951
1.0
1.4142135623730951
0.0
1.0
0.0
1.4142135623730951
0.0
1.0
0.0
0.0
0.0
1.0
0.0
0.0
0.0
1.0
1.0
1.0
1.0
6.324555320336759
2.0
1.4142135623730951
1.0
3.1622776601683795
5.830951894845301
4.123105625617661
2.23606797749979
4.0
3.1622776601683795
2.23606797749979
5.0
7.0
2.23606797749979
2.0
2.23606797749979
5.0990195135927845
1.4142135623730951
2.23606797749979
2.23606797749979
3.0
2.0
2.23606797749979
1.0
3.605551275463989
7.0
4.0
3.0
2.0
6.324555320336759
3.605551275463989
4.123105625617661
3.0
3.1622776601683795
3.1622776601683795
10.04987562112089
3.1622776601683795
3.1622776601683795
4.47213595499958
2.23606797749979
3.605551275463989
2.23606797749979
4.0
1.4142135623730951
6.4031242374328485
9.055385138137417
1.4142135623730951
2.0
3.1622776601683795
3.1622776601683795
1.0
2.8284271247461903
2.23606797749979
2.23606797749979
3.1622776601683795
1.4142135623730951
2.8284271247461903
9.219544457292887
4.47213595499958
2.8284271247461903
1.4142135623730951
5.830951894845301
3.1622776601683795
1.0
2.8284271247461903
1.0
4.123105625617661
2.23606797749979
1.0
3.605551275463989
8.54400374531753
2.8284271247461903
2.23606797749979
2.23606797749979
5.830951894845301
1.0
2.8284271247461903
3.1622776601683795
3.1622776601683795
3.1622776601683795
7.615773105863909
8.0
3.1622776601683795
1.0
7.615773105863909
2.8284271247461903
2.8284271247461903
3.1622776601683795
2.23606797749979
1.0
10.04987562112089
6.0
2.23606797749979
1.4142135623730951
6.324555320336759
2.0
1.0
3.1622776601683795
1.4142135623730951
2.8284271247461903
2.23606797749979
4.0
5.385164807134504
11.180339887498949
1.4142135623730951
0.0
1.0
4.47213595499958
3.1622776601683795
2.0
2.8284271247461903
2.0
3.1622776601683795
2.23606797749979
1.0
4.123105625617661
9.486832980505138
1.0
3.1622776601683795
4.47213595499958
4.47213595499958
1.0
3.1622776601683795
4.123105625617661
15.033296378372908
0.0
42.2965719651132
3.1622776601683795
35.014282800023196
5.385164807134504
6.324555320336759
1.0
1.0
1.4142135623730951
0.0
