0.0
10.533452740434088
0.0
17.08923801245251
14.594594594594597
18.71375272866767
4.242640687119286
3.0
4.242640687119286
0.0
3.0
0.0
4.213381096173636
0.0
3.0
0.0
0.0
0.0
3.0
0.0
0.0
0.0
3.0
3.0
2.9793103448275864
3.0209790209790213
18.973665961010276
6.084507042253521
4.272309503113127
3.0
9.620450346427747
17.135858629749457
12.035011015316416
6.439875775199395
11.294117647058824
9.047046021143974
6.397227591257677
14.210526315789473
21.146853146853147
6.949506232229563
6.084507042253521
6.8026856780275295
15.297058540778353
4.1845223215423095
6.661940457102823
6.5269011235129
8.64
5.721854304635762
6.483096417985968
2.823529411764706
10.383987673336291
21.446808510638302
12.25531914893617
8.876712328767123
5.917808219178082
18.46086417828027
10.668480486304407
11.874544201778862
8.526315789473683
9.047046021143974
8.757076597389359
29.534328355947103
9.486832980505138
9.293224144168299
13.416407864998739
6.571301811427953
10.595905789118662
6.313603701175878
11.368421052631579
3.993073587876975
18.19835309586178
26.79401629914633
4.127974722602549
5.837837837837839
9.230432089140136
9.356876364333836
2.9189189189189193
8.369044643084619
6.483096417985968
6.397227591257677
8.987525981531183
3.967144538605046
7.782678457900345
27.094171466330117
12.966192835971937
8.09192395953877
4.100270194262934
17.020075801170073
9.293224144168299
2.938775510204082
8.369044643084619
2.823529411764706
11.641710001743984
6.483096417985968
2.823529411764706
10.114273707795087
25.811256069770444
8.85420665137938
6.708203932499369
6.850931675744038
18.25341462734181
3.0209790209790213
8.544619006226254
9.047046021143974
9.107359661284933
8.928783981651895
22.080630749887305
23.510204081632654
9.230432089140136
3.0422535211267605
22.534342340638418
8.200540388525868
8.312112366601049
9.107359661284933
6.355140567630981
2.7
28.562804396869897
17.513513513513516
6.355140567630981
4.045961979769385
18.586448288336598
5.958620689655173
2.860927152317881
9.168482880488188
3.967144538605046
8.09192395953877
6.5269011235129
11.520000000000001
15.718859437041257
33.30970228551411
4.332909637909058
0.0
3.0
13.142603622855907
9.421406546156827
5.760000000000001
8.200540388525868
5.6103896103896105
9.107359661284933
6.439875775199395
2.823529411764706
11.566114482252141
27.50544864146456
2.8993288590604025
8.987525981531183
13.0538022470258
12.87975155039879
2.8800000000000003
8.987525981531183
11.795904836204167
59.03985486779178
0.0
138.42514461309776
9.620450346427747
105.04284840006959
15.406564216437786
18.586448288336598
2.958904109589041
2.958904109589041
4.1845223215423095
0.0
