[ 0.137577    0.275154    0.41273101  0.55030801  0.68788501  0.82546201
  0.96303901  1.10061602  1.23819302  1.37577002  1.51334702  1.65092402
  1.78850103  1.92607803  2.06365503  2.20123203  2.33880903  2.47638604
  2.61396304  2.75154004  2.88911704  3.02669405  3.16427105  3.30184805
  3.43942505  3.57700205  3.71457906  3.85215606  3.98973306  4.12731006
  4.26488706  4.40246407  4.54004107  4.67761807  4.81519507  4.95277207
  5.09034908  5.22792608  5.36550308  5.50308008  5.64065708  5.77823409
  5.91581109  6.05338809  6.19096509  6.32854209  6.4661191   6.6036961
  6.7412731   6.8788501   7.0164271   7.15400411  7.29158111  7.42915811
  7.56673511  7.70431211  7.84188912  7.97946612  8.11704312  8.25462012
  8.39219713  8.52977413  8.66735113  8.80492813  8.94250513  9.08008214
  9.21765914  9.35523614  9.49281314  9.63039014  9.76796715  9.90554415
 10.04312115 10.18069815 10.31827515 10.45585216 10.59342916 10.73100616
 10.86858316 11.00616016 11.14373717 11.28131417 11.41889117 11.55646817
 11.69404517 11.83162218 11.96919918 12.10677618 12.24435318 12.38193018
 12.51950719 12.65708419 12.79466119 12.93223819 13.0698152  13.2073922
 13.3449692  13.4825462  13.6201232  13.75770021 13.89527721 14.03285421
 14.17043121 14.30800821 14.44558522 14.58316222 14.72073922 14.85831622
 14.99589322 15.13347023]
